o_cell_id,o_cell_x,o_cell_y,역사명,호선
다사37505150,937625,1951625,김포공항,5호선
다사37505400,937625,1954125,개화,9호선
다사37755150,937875,1951625,김포공항,5호선
다사37755325,937875,1953375,개화,9호선
다사37755375,937875,1953875,개화,9호선
다사37755400,937875,1954125,개화,9호선
다사38005150,938125,1951625,김포공항,5호선
다사38005200,938125,1952125,김포공항,5호선
다사38005350,938125,1953625,개화,9호선
다사38005375,938125,1953875,개화,9호선
다사38005400,938125,1954125,개화,9호선
다사38255125,938375,1951375,김포공항,5호선
다사38255350,938375,1953625,개화,9호선
다사38505250,938625,1952625,개화산,5호선
다사38505275,938625,1952875,개화산,5호선
다사38755075,938875,1950875,송정,5호선
다사38755250,938875,1952625,개화산,5호선
다사39005350,939125,1953625,방화,5호선
다사39254375,939375,1943875,온수(성공회대입구),7호선
다사39255075,939375,1950875,송정,5호선
다사39255325,939375,1953375,방화,5호선
다사39255350,939375,1953625,방화,5호선
다사39504325,939625,1943375,온수(성공회대입구),7호선
다사39504350,939625,1943625,온수(성공회대입구),7호선
다사39504375,939625,1943875,온수(성공회대입구),7호선
다사39504425,939625,1944375,온수(성공회대입구),7호선
다사39505075,939625,1950875,송정,5호선
다사39505100,939625,1951125,송정,5호선
다사39505325,939625,1953375,방화,5호선
다사39754300,939875,1943125,온수(성공회대입구),7호선
다사39754325,939875,1943375,온수(성공회대입구),7호선
다사39754350,939875,1943625,온수(성공회대입구),7호선
다사39754375,939875,1943875,온수(성공회대입구),7호선
다사39754425,939875,1944375,온수(성공회대입구),7호선
다사39755075,939875,1950875,마곡,5호선
다사39755250,939875,1952625,신방화,9호선
다사39755300,939875,1953125,방화,5호선
다사39755325,939875,1953375,방화,5호선
다사40004300,940125,1943125,온수(성공회대입구),7호선
다사40004325,940125,1943375,온수(성공회대입구),7호선
다사40004350,940125,1943625,온수(성공회대입구),7호선
다사40004375,940125,1943875,온수(성공회대입구),7호선
다사40004400,940125,1944125,온수(성공회대입구),7호선
다사40004425,940125,1944375,온수(성공회대입구),7호선
다사40005100,940125,1951125,마곡,5호선
다사40005125,940125,1951375,마곡,5호선
다사40005275,940125,1952875,신방화,9호선
다사40254325,940375,1943375,온수(성공회대입구),7호선
다사40254350,940375,1943625,온수(성공회대입구),7호선
다사40254375,940375,1943875,온수(성공회대입구),7호선
다사40254425,940375,1944375,온수(성공회대입구),7호선
다사40255050,940375,1950625,마곡,5호선
다사40255100,940375,1951125,마곡,5호선
다사40255125,940375,1951375,마곡,5호선
다사40255275,940375,1952875,마곡나루,9호선
다사40504325,940625,1943375,온수(성공회대입구),7호선
다사40504400,940625,1944125,온수(성공회대입구),7호선
다사40504425,940625,1944375,온수(성공회대입구),7호선
다사40504975,940625,1949875,우장산,5호선
다사40505000,940625,1950125,우장산,5호선
다사40505025,940625,1950375,우장산,5호선
다사40505075,940625,1950875,마곡,5호선
다사40505100,940625,1951125,마곡,5호선
다사40505225,940625,1952375,마곡나루,9호선
다사40505250,940625,1952625,마곡나루,9호선
다사40754325,940875,1943375,천왕,7호선
다사40754375,940875,1943875,온수(성공회대입구),7호선
다사40754400,940875,1944125,온수(성공회대입구),7호선
다사40754950,940875,1949625,우장산,5호선
다사40754975,940875,1949875,우장산,5호선
다사40755025,940875,1950375,우장산,5호선
다사40755050,940875,1950625,우장산,5호선
다사40755225,940875,1952375,마곡나루,9호선
다사40755250,940875,1952625,마곡나루,9호선
다사41004375,941125,1943875,천왕,7호선
다사41004875,941125,1948875,화곡,5호선
다사41004900,941125,1949125,화곡,5호선
다사41004925,941125,1949375,화곡,5호선
다사41004975,941125,1949875,우장산,5호선
다사41005000,941125,1950125,우장산,5호선
다사41005025,941125,1950375,우장산,5호선
다사41254250,941375,1942625,천왕,7호선
다사41254275,941375,1942875,천왕,7호선
다사41254300,941375,1943125,천왕,7호선
다사41254325,941375,1943375,천왕,7호선
다사41254350,941375,1943625,천왕,7호선
다사41254400,941375,1944125,오류동,경인선
다사41254425,941375,1944375,오류동,경인선
다사41254850,941375,1948625,화곡,5호선
다사41254875,941375,1948875,화곡,5호선
다사41254900,941375,1949125,화곡,5호선
다사41255000,941375,1950125,우장산,5호선
다사41255025,941375,1950375,우장산,5호선
다사41255100,941375,1951125,발산,5호선
다사41255125,941375,1951375,발산,5호선
다사41255150,941375,1951625,발산,5호선
다사41255225,941375,1952375,양천향교,9호선
다사41504250,941625,1942625,천왕,7호선
다사41504275,941625,1942875,천왕,7호선
다사41504300,941625,1943125,천왕,7호선
다사41504325,941625,1943375,천왕,7호선
다사41504400,941625,1944125,오류동,경인선
다사41504425,941625,1944375,오류동,경인선
다사41504450,941625,1944625,오류동,경인선
다사41504775,941625,1947875,까치산,5호선
다사41504800,941625,1948125,까치산,5호선
다사41504825,941625,1948375,까치산,5호선
다사41504875,941625,1948875,화곡,5호선
다사41504900,941625,1949125,화곡,5호선
다사41504925,941625,1949375,화곡,5호선
다사41505025,941625,1950375,우장산,5호선
다사41505100,941625,1951125,발산,5호선
다사41505125,941625,1951375,발산,5호선
다사41505200,941625,1952125,양천향교,9호선
다사41505225,941625,1952375,양천향교,9호선
다사41505250,941625,1952625,양천향교,9호선
다사41754275,941875,1942875,천왕,7호선
다사41754300,941875,1943125,천왕,7호선
다사41754400,941875,1944125,오류동,경인선
다사41754425,941875,1944375,오류동,경인선
다사41754450,941875,1944625,오류동,경인선
다사41754475,941875,1944875,오류동,경인선
다사41754750,941875,1947625,까치산,5호선
다사41754775,941875,1947875,까치산,5호선
다사41754800,941875,1948125,까치산,5호선
다사41754825,941875,1948375,까치산,5호선
다사41754900,941875,1949125,화곡,5호선
다사41754925,941875,1949375,화곡,5호선
다사41755000,941875,1950125,우장산,5호선
다사41755075,941875,1950875,발산,5호선
다사41755100,941875,1951125,발산,5호선
다사41755200,941875,1952125,양천향교,9호선
다사41755225,941875,1952375,양천향교,9호선
다사42004275,942125,1942875,천왕,7호선
다사42004375,942125,1943875,오류동,경인선
다사42004425,942125,1944375,오류동,경인선
다사42004450,942125,1944625,오류동,경인선
다사42004475,942125,1944875,오류동,경인선
다사42004650,942125,1946625,신정네거리,2호선
다사42004675,942125,1946875,신정네거리,2호선
다사42004700,942125,1947125,신정네거리,2호선
다사42004750,942125,1947625,까치산,5호선
다사42004775,942125,1947875,까치산,5호선
다사42004800,942125,1948125,까치산,5호선
다사42004825,942125,1948375,까치산,5호선
다사42004900,942125,1949125,화곡,5호선
다사42004925,942125,1949375,화곡,5호선
다사42004950,942125,1949625,화곡,5호선
다사42005075,942125,1950875,발산,5호선
다사42005100,942125,1951125,발산,5호선
다사42005125,942125,1951375,발산,5호선
다사42005175,942125,1951875,양천향교,9호선
다사42005200,942125,1952125,양천향교,9호선
다사42005250,942125,1952625,양천향교,9호선
다사42254375,942375,1943875,오류동,경인선
다사42254400,942375,1944125,오류동,경인선
다사42254450,942375,1944625,오류동,경인선
다사42254475,942375,1944875,오류동,경인선
다사42254650,942375,1946625,신정네거리,2호선
다사42254675,942375,1946875,신정네거리,2호선
다사42254700,942375,1947125,신정네거리,2호선
다사42254775,942375,1947875,까치산,5호선
다사42254800,942375,1948125,까치산,5호선
다사42254825,942375,1948375,까치산,5호선
다사42254850,942375,1948625,까치산,5호선
다사42254900,942375,1949125,화곡,5호선
다사42254925,942375,1949375,화곡,5호선
다사42254950,942375,1949625,화곡,5호선
다사42255100,942375,1951125,가양,9호선
다사42255125,942375,1951375,가양,9호선
다사42255150,942375,1951625,가양,9호선
다사42255200,942375,1952125,양천향교,9호선
다사42504350,942625,1943625,오류동,경인선
다사42504375,942625,1943875,오류동,경인선
다사42504425,942625,1944375,오류동,경인선
다사42504450,942625,1944625,오류동,경인선
다사42504650,942625,1946625,신정네거리,2호선
다사42504825,942625,1948375,까치산,5호선
다사42504850,942625,1948625,까치산,5호선
다사42504875,942625,1948875,까치산,5호선
다사42505075,942625,1950875,가양,9호선
다사42505100,942625,1951125,가양,9호선
다사42505125,942625,1951375,가양,9호선
다사42505150,942625,1951625,가양,9호선
다사42505175,942625,1951875,가양,9호선
다사42505200,942625,1952125,가양,9호선
다사42505225,942625,1952375,양천향교,9호선
다사42754350,942875,1943625,개봉,경인선
다사42754450,942875,1944625,개봉,경인선
다사42754625,942875,1946375,신정네거리,2호선
다사42754650,942875,1946625,신정네거리,2호선
다사42754825,942875,1948375,까치산,5호선
다사42754850,942875,1948625,까치산,5호선
다사42755125,942875,1951375,가양,9호선
다사42755150,942875,1951625,가양,9호선
다사42755175,942875,1951875,가양,9호선
다사42755200,942875,1952125,가양,9호선
다사43004325,943125,1943375,개봉,경인선
다사43004350,943125,1943625,개봉,경인선
다사43004375,943125,1943875,개봉,경인선
다사43004400,943125,1944125,개봉,경인선
다사43004425,943125,1944375,개봉,경인선
다사43004450,943125,1944625,개봉,경인선
다사43004650,943125,1946625,신정네거리,2호선
다사43004775,943125,1947875,신정(은행정),5호선
다사43004800,943125,1948125,신정(은행정),5호선
다사43005175,943125,1951875,가양,9호선
다사43005200,943125,1952125,가양,9호선
다사43254350,943375,1943625,개봉,경인선
다사43254375,943375,1943875,개봉,경인선
다사43254400,943375,1944125,개봉,경인선
다사43254425,943375,1944375,개봉,경인선
다사43254450,943375,1944625,개봉,경인선
다사43254475,943375,1944875,개봉,경인선
다사43254550,943375,1945625,양천구청,2호선
다사43254600,943375,1946125,양천구청,2호선
다사43254625,943375,1946375,양천구청,2호선
다사43254975,943375,1949875,등촌,9호선
다사43255000,943375,1950125,등촌,9호선
다사43504375,943625,1943875,개봉,경인선
다사43504450,943625,1944625,개봉,경인선
다사43504475,943625,1944875,개봉,경인선
다사43504525,943625,1945375,양천구청,2호선
다사43504550,943625,1945625,양천구청,2호선
다사43504575,943625,1945875,양천구청,2호선
다사43504600,943625,1946125,양천구청,2호선
다사43504625,943625,1946375,양천구청,2호선
다사43504650,943625,1946625,양천구청,2호선
다사43504675,943625,1946875,목동,5호선
다사43504800,943625,1948125,목동,5호선
다사43504950,943625,1949625,등촌,9호선
다사43504975,943625,1949875,등촌,9호선
다사43505000,943625,1950125,등촌,9호선
다사43754350,943875,1943625,개봉,경인선
다사43754475,943875,1944875,구일,경인선
다사43754525,943875,1945375,양천구청,2호선
다사43754550,943875,1945625,양천구청,2호선
다사43754600,943875,1946125,양천구청,2호선
다사43754625,943875,1946375,양천구청,2호선
다사43754650,943875,1946625,양천구청,2호선
다사43754700,943875,1947125,목동,5호선
다사43754775,943875,1947875,목동,5호선
다사43754800,943875,1948125,목동,5호선
다사43754825,943875,1948375,목동,5호선
다사43754950,943875,1949625,등촌,9호선
다사43754975,943875,1949875,등촌,9호선
다사43755000,943875,1950125,등촌,9호선
다사43755125,943875,1951375,증미,9호선
다사44004350,944125,1943625,구일,경인선
다사44004450,944125,1944625,구일,경인선
다사44004475,944125,1944875,구일,경인선
다사44004550,944125,1945625,양천구청,2호선
다사44004575,944125,1945875,양천구청,2호선
다사44004600,944125,1946125,양천구청,2호선
다사44004625,944125,1946375,양천구청,2호선
다사44004775,944125,1947875,목동,5호선
다사44004800,944125,1948125,목동,5호선
다사44005025,944125,1950375,등촌,9호선
다사44254575,944375,1945875,양천구청,2호선
다사44254600,944375,1946125,양천구청,2호선
다사44254625,944375,1946375,양천구청,2호선
다사44254650,944375,1946625,양천구청,2호선
다사44254675,944375,1946875,오목교(목동운동장앞),5호선
다사44254800,944375,1948125,목동,5호선
다사44254925,944375,1949375,염창,9호선
다사44254950,944375,1949625,염창,9호선
다사44255050,944375,1950625,등촌,9호선
다사44504375,944625,1943875,구일,경인선
다사44504400,944625,1944125,구일,경인선
다사44504425,944625,1944375,구일,경인선
다사44504450,944625,1944625,구일,경인선
다사44504625,944625,1946375,양천구청,2호선
다사44504675,944625,1946875,오목교(목동운동장앞),5호선
다사44504700,944625,1947125,오목교(목동운동장앞),5호선
다사44504800,944625,1948125,오목교(목동운동장앞),5호선
다사44504925,944625,1949375,염창,9호선
다사44504950,944625,1949625,염창,9호선
다사44754225,944875,1942375,가산디지털단지,7호선
다사44754250,944875,1942625,가산디지털단지,7호선
다사44754275,944875,1942875,가산디지털단지,7호선
다사44754375,944875,1943875,구일,경인선
다사44754400,944875,1944125,구일,경인선
다사44754425,944875,1944375,구일,경인선
다사44754500,944875,1945125,구로,경부선
다사44754525,944875,1945375,구로,경부선
다사44754550,944875,1945625,구로,경부선
다사44754625,944875,1946375,도림천,2호선
다사44754650,944875,1946625,도림천,2호선
다사44754675,944875,1946875,오목교(목동운동장앞),5호선
다사44754700,944875,1947125,오목교(목동운동장앞),5호선
다사44754725,944875,1947375,오목교(목동운동장앞),5호선
다사44754750,944875,1947625,오목교(목동운동장앞),5호선
다사44754775,944875,1947875,오목교(목동운동장앞),5호선
다사44754800,944875,1948125,오목교(목동운동장앞),5호선
다사44755000,944875,1950125,염창,9호선
다사44755025,944875,1950375,염창,9호선
다사45004175,945125,1941875,가산디지털단지,7호선
다사45004200,945125,1942125,가산디지털단지,7호선
다사45004225,945125,1942375,가산디지털단지,7호선
다사45004250,945125,1942625,가산디지털단지,7호선
다사45004325,945125,1943375,남구로,7호선
다사45004400,945125,1944125,구일,경인선
다사45004475,945125,1944875,구로,경부선
다사45004525,945125,1945375,구로,경부선
다사45004575,945125,1945875,도림천,2호선
다사45004800,945125,1948125,오목교(목동운동장앞),5호선
다사45004900,945125,1949125,신목동,9호선
다사45254050,945375,1940625,독산,경부선
다사45254075,945375,1940875,독산,경부선
다사45254175,945375,1941875,가산디지털단지,7호선
다사45254200,945375,1942125,가산디지털단지,7호선
다사45254225,945375,1942375,가산디지털단지,7호선
다사45254325,945375,1943375,남구로,7호선
다사45254350,945375,1943625,남구로,7호선
다사45254425,945375,1944375,구로,경부선
다사45254450,945375,1944625,구로,경부선
다사45254475,945375,1944875,구로,경부선
다사45254500,945375,1945125,구로,경부선
다사45254525,945375,1945375,구로,경부선
다사45254575,945375,1945875,도림천,2호선
다사45254600,945375,1946125,도림천,2호선
다사45254800,945375,1948125,양평,5호선
다사45254875,945375,1948875,신목동,9호선
다사45254900,945375,1949125,신목동,9호선
다사45254925,945375,1949375,신목동,9호선
다사45503950,945625,1939625,금천구청,경부선
다사45503975,945625,1939875,금천구청,경부선
다사45504025,945625,1940375,독산,경부선
다사45504100,945625,1941125,독산,경부선
다사45504125,945625,1941375,독산,경부선
다사45504150,945625,1941625,독산,경부선
다사45504175,945625,1941875,가산디지털단지,7호선
다사45504200,945625,1942125,가산디지털단지,7호선
다사45504225,945625,1942375,가산디지털단지,7호선
다사45504325,945625,1943375,남구로,7호선
다사45504350,945625,1943625,남구로,7호선
다사45504375,945625,1943875,남구로,7호선
다사45504425,945625,1944375,구로,경부선
다사45504450,945625,1944625,구로,경부선
다사45504475,945625,1944875,구로,경부선
다사45504650,945625,1946625,도림천,2호선
다사45504700,945625,1947125,양평,5호선
다사45504725,945625,1947375,양평,5호선
다사45504750,945625,1947625,양평,5호선
다사45504800,945625,1948125,양평,5호선
다사45753925,945875,1939375,금천구청,경부선
다사45753950,945875,1939625,금천구청,경부선
다사45753975,945875,1939875,금천구청,경부선
다사45754075,945875,1940875,독산,경부선
다사45754100,945875,1941125,독산,경부선
다사45754125,945875,1941375,독산,경부선
다사45754150,945875,1941625,독산,경부선
다사45754175,945875,1941875,가산디지털단지,7호선
다사45754200,945875,1942125,가산디지털단지,7호선
다사45754325,945875,1943375,남구로,7호선
다사45754400,945875,1944125,대림(구로구청),2호선
다사45754425,945875,1944375,대림(구로구청),2호선
다사45754450,945875,1944625,구로,경부선
다사45754475,945875,1944875,구로,경부선
다사45754850,945875,1948625,선유도,9호선
다사45754950,945875,1949625,신목동,9호선
다사45754975,945875,1949875,신목동,9호선
다사45755350,945875,1953625,수색,경의중앙선
다사45755375,945875,1953875,수색,경의중앙선
다사46003900,946125,1939125,금천구청,경부선
다사46003925,946125,1939375,금천구청,경부선
다사46003950,946125,1939625,금천구청,경부선
다사46003975,946125,1939875,금천구청,경부선
다사46004000,946125,1940125,금천구청,경부선
다사46004050,946125,1940625,독산,경부선
다사46004075,946125,1940875,독산,경부선
다사46004100,946125,1941125,독산,경부선
다사46004125,946125,1941375,독산,경부선
다사46004150,946125,1941625,독산,경부선
다사46004225,946125,1942375,가산디지털단지,7호선
다사46004300,946125,1943125,남구로,7호선
다사46004400,946125,1944125,대림(구로구청),2호선
다사46004425,946125,1944375,대림(구로구청),2호선
다사46004450,946125,1944625,대림(구로구청),2호선
다사46004475,946125,1944875,구로,경부선
다사46004525,946125,1945375,신도림,2호선
다사46004550,946125,1945625,신도림,2호선
다사46004800,946125,1948125,양평,5호선
다사46005300,946125,1953125,수색,경의중앙선
다사46005325,946125,1953375,수색,경의중앙선
다사46005350,946125,1953625,수색,경의중앙선
다사46005375,946125,1953875,수색,경의중앙선
다사46005400,946125,1954125,수색,경의중앙선
다사46253900,946375,1939125,금천구청,경부선
다사46253925,946375,1939375,금천구청,경부선
다사46253950,946375,1939625,금천구청,경부선
다사46253975,946375,1939875,금천구청,경부선
다사46254000,946375,1940125,금천구청,경부선
다사46254050,946375,1940625,독산,경부선
다사46254075,946375,1940875,독산,경부선
다사46254100,946375,1941125,독산,경부선
다사46254125,946375,1941375,독산,경부선
다사46254150,946375,1941625,독산,경부선
다사46254250,946375,1942625,남구로,7호선
다사46254375,946375,1943875,대림(구로구청),2호선
다사46254400,946375,1944125,대림(구로구청),2호선
다사46254425,946375,1944375,대림(구로구청),2호선
다사46254500,946375,1945125,신도림,2호선
다사46254525,946375,1945375,신도림,2호선
다사46254550,946375,1945625,신도림,2호선
다사46254575,946375,1945875,신도림,2호선
다사46254825,946375,1948375,선유도,9호선
다사46254850,946375,1948625,선유도,9호선
다사46254875,946375,1948875,선유도,9호선
다사46254900,946375,1949125,선유도,9호선
다사46254925,946375,1949375,선유도,9호선
다사46255275,946375,1952875,월드컵경기장(성산),6호선
다사46255325,946375,1953375,수색,경의중앙선
다사46255350,946375,1953625,수색,경의중앙선
다사46255375,946375,1953875,수색,경의중앙선
다사46255400,946375,1954125,수색,경의중앙선
다사46255425,946375,1954375,수색,경의중앙선
다사46503900,946625,1939125,금천구청,경부선
다사46503925,946625,1939375,금천구청,경부선
다사46503950,946625,1939625,금천구청,경부선
다사46503975,946625,1939875,금천구청,경부선
다사46504000,946625,1940125,금천구청,경부선
다사46504025,946625,1940375,금천구청,경부선
다사46504050,946625,1940625,독산,경부선
다사46504075,946625,1940875,독산,경부선
다사46504100,946625,1941125,독산,경부선
다사46504125,946625,1941375,독산,경부선
다사46504250,946625,1942625,구로디지털단지,2호선
다사46504275,946625,1942875,구로디지털단지,2호선
다사46504375,946625,1943875,대림(구로구청),2호선
다사46504400,946625,1944125,대림(구로구청),2호선
다사46504425,946625,1944375,대림(구로구청),2호선
다사46504450,946625,1944625,대림(구로구청),2호선
다사46504500,946625,1945125,신도림,2호선
다사46504550,946625,1945625,신도림,2호선
다사46504575,946625,1945875,신도림,2호선
다사46504750,946625,1947625,영등포구청,5호선
다사46504775,946625,1947875,영등포구청,5호선
다사46504900,946625,1949125,선유도,9호선
다사46505125,946625,1951375,마포구청,6호선
다사46505225,946625,1952375,월드컵경기장(성산),6호선
다사46505375,946625,1953875,수색,경의중앙선
다사46505400,946625,1954125,수색,경의중앙선
다사46753925,946875,1939375,금천구청,경부선
다사46753950,946875,1939625,금천구청,경부선
다사46753975,946875,1939875,금천구청,경부선
다사46754000,946875,1940125,금천구청,경부선
다사46754025,946875,1940375,금천구청,경부선
다사46754250,946875,1942625,구로디지털단지,2호선
다사46754275,946875,1942875,구로디지털단지,2호선
다사46754300,946875,1943125,구로디지털단지,2호선
다사46754375,946875,1943875,대림(구로구청),2호선
다사46754400,946875,1944125,대림(구로구청),2호선
다사46754425,946875,1944375,대림(구로구청),2호선
다사46754450,946875,1944625,대림(구로구청),2호선
다사46754525,946875,1945375,신도림,2호선
다사46754550,946875,1945625,신도림,2호선
다사46754575,946875,1945875,신도림,2호선
다사46754600,946875,1946125,문래,2호선
다사46754650,946875,1946625,문래,2호선
다사46754800,946875,1948125,당산,2호선
다사46755100,946875,1951125,마포구청,6호선
다사46755125,946875,1951375,마포구청,6호선
다사46755400,946875,1954125,수색,경의중앙선
다사47003950,947125,1939625,금천구청,경부선
다사47003975,947125,1939875,금천구청,경부선
다사47004225,947125,1942375,구로디지털단지,2호선
다사47004250,947125,1942625,구로디지털단지,2호선
다사47004275,947125,1942875,구로디지털단지,2호선
다사47004300,947125,1943125,구로디지털단지,2호선
다사47004325,947125,1943375,구로디지털단지,2호선
다사47004375,947125,1943875,대림(구로구청),2호선
다사47004400,947125,1944125,대림(구로구청),2호선
다사47004450,947125,1944625,신풍,7호선
다사47004475,947125,1944875,신풍,7호선
다사47004575,947125,1945875,영등포,경부선
다사47004600,947125,1946125,영등포,경부선
다사47004800,947125,1948125,당산,2호선
다사47004825,947125,1948375,당산,2호선
다사47005075,947125,1950875,망원,6호선
다사47005125,947125,1951375,마포구청,6호선
다사47254225,947375,1942375,구로디지털단지,2호선
다사47254250,947375,1942625,구로디지털단지,2호선
다사47254275,947375,1942875,구로디지털단지,2호선
다사47254350,947375,1943625,구로디지털단지,2호선
다사47254400,947375,1944125,신풍,7호선
다사47254425,947375,1944375,신풍,7호선
다사47254450,947375,1944625,신풍,7호선
다사47254475,947375,1944875,신풍,7호선
다사47254500,947375,1945125,신풍,7호선
다사47254575,947375,1945875,영등포,경부선
다사47254600,947375,1946125,영등포,경부선
다사47254625,947375,1946375,영등포,경부선
다사47254725,947375,1947375,영등포시장,5호선
다사47254750,947375,1947625,영등포시장,5호선
다사47254800,947375,1948125,당산,2호선
다사47254825,947375,1948375,당산,2호선
다사47254850,947375,1948625,당산,2호선
다사47255025,947375,1950375,망원,6호선
다사47255050,947375,1950625,망원,6호선
다사47255075,947375,1950875,망원,6호선
다사47255150,947375,1951625,마포구청,6호선
다사47255300,947375,1953125,디지털미디어시티,6호선
다사47504250,947625,1942625,구로디지털단지,2호선
다사47504375,947625,1943875,신대방,2호선
다사47504400,947625,1944125,신풍,7호선
다사47504425,947625,1944375,신풍,7호선
다사47504450,947625,1944625,신풍,7호선
다사47504475,947625,1944875,신풍,7호선
다사47504500,947625,1945125,신풍,7호선
다사47504525,947625,1945375,신풍,7호선
다사47504550,947625,1945625,영등포,경부선
다사47504575,947625,1945875,영등포,경부선
다사47504600,947625,1946125,영등포,경부선
다사47504625,947625,1946375,영등포,경부선
다사47504725,947625,1947375,영등포시장,5호선
다사47504750,947625,1947625,영등포시장,5호선
다사47504800,947625,1948125,당산,2호선
다사47504825,947625,1948375,당산,2호선
다사47505000,947625,1950125,합정,2호선
다사47505075,947625,1950875,망원,6호선
다사47505275,947625,1952875,디지털미디어시티,6호선
다사47505300,947625,1953125,디지털미디어시티,6호선
다사47505375,947625,1953875,증산(명지대앞),6호선
다사47505400,947625,1954125,증산(명지대앞),6호선
다사47505475,947625,1954875,새절(신사),6호선
다사47505500,947625,1955125,새절(신사),6호선
다사47505550,947625,1955625,응암,6호선
다사47754250,947875,1942625,신대방,2호선
다사47754275,947875,1942875,신대방,2호선
다사47754325,947875,1943375,신대방,2호선
다사47754350,947875,1943625,신대방,2호선
다사47754450,947875,1944625,신풍,7호선
다사47754475,947875,1944875,신풍,7호선
다사47754500,947875,1945125,신풍,7호선
다사47754525,947875,1945375,신풍,7호선
다사47754575,947875,1945875,영등포,경부선
다사47754600,947875,1946125,영등포,경부선
다사47754725,947875,1947375,영등포시장,5호선
다사47754950,947875,1949625,합정,2호선
다사47754975,947875,1949875,합정,2호선
다사47755100,947875,1951125,망원,6호선
다사47755225,947875,1952375,가좌,경의중앙선
다사47755250,947875,1952625,가좌,경의중앙선
다사47755300,947875,1953125,디지털미디어시티,6호선
다사47755350,947875,1953625,증산(명지대앞),6호선
다사47755550,947875,1955625,응암,6호선
다사47755575,947875,1955875,응암,6호선
다사47755600,947875,1956125,응암,6호선
다사47755675,947875,1956875,구산,6호선
다사47755700,947875,1957125,구산,6호선
다사47755725,947875,1957375,구산,6호선
다사48004250,948125,1942625,신대방,2호선
다사48004275,948125,1942875,신대방,2호선
다사48004300,948125,1943125,신대방,2호선
다사48004525,948125,1945375,신풍,7호선
다사48004575,948125,1945875,영등포,경부선
다사48004750,948125,1947625,국회의사당,9호선
다사48004775,948125,1947875,국회의사당,9호선
다사48004800,948125,1948125,국회의사당,9호선
다사48004825,948125,1948375,국회의사당,9호선
다사48004950,948125,1949625,합정,2호선
다사48004975,948125,1949875,합정,2호선
다사48005000,948125,1950125,합정,2호선
다사48005100,948125,1951125,망원,6호선
다사48005175,948125,1951875,가좌,경의중앙선
다사48005200,948125,1952125,가좌,경의중앙선
다사48005225,948125,1952375,가좌,경의중앙선
다사48005250,948125,1952625,가좌,경의중앙선
다사48005275,948125,1952875,가좌,경의중앙선
다사48005325,948125,1953375,증산(명지대앞),6호선
다사48005350,948125,1953625,증산(명지대앞),6호선
다사48005375,948125,1953875,증산(명지대앞),6호선
다사48005475,948125,1954875,새절(신사),6호선
다사48005550,948125,1955625,응암,6호선
다사48005575,948125,1955875,응암,6호선
다사48005600,948125,1956125,응암,6호선
다사48005650,948125,1956625,구산,6호선
다사48005675,948125,1956875,구산,6호선
다사48005700,948125,1957125,구산,6호선
다사48005725,948125,1957375,구산,6호선
다사48005750,948125,1957625,구산,6호선
다사48005775,948125,1957875,연신내,3호선
다사48005950,948125,1959625,구파발,3호선
다사48254250,948375,1942625,신대방,2호선
다사48254275,948375,1942875,신대방,2호선
다사48254300,948375,1943125,신대방,2호선
다사48254325,948375,1943375,신대방,2호선
다사48254550,948375,1945625,서울지방병무청,신림선
다사48254750,948375,1947625,국회의사당,9호선
다사48254775,948375,1947875,국회의사당,9호선
다사48254825,948375,1948375,국회의사당,9호선
다사48255125,948375,1951375,망원,6호선
다사48255150,948375,1951625,가좌,경의중앙선
다사48255175,948375,1951875,가좌,경의중앙선
다사48255225,948375,1952375,가좌,경의중앙선
다사48255250,948375,1952625,가좌,경의중앙선
다사48255275,948375,1952875,가좌,경의중앙선
다사48255325,948375,1953375,증산(명지대앞),6호선
다사48255350,948375,1953625,증산(명지대앞),6호선
다사48255375,948375,1953875,증산(명지대앞),6호선
다사48255450,948375,1954625,새절(신사),6호선
다사48255550,948375,1955625,응암,6호선
다사48255575,948375,1955875,응암,6호선
다사48255700,948375,1957125,구산,6호선
다사48255775,948375,1957875,연신내,3호선
다사48255800,948375,1958125,연신내,3호선
다사48255825,948375,1958375,연신내,3호선
다사48255950,948375,1959625,구파발,3호선
다사48255975,948375,1959875,구파발,3호선
다사48504275,948625,1942875,신대방,2호선
다사48504300,948625,1943125,신대방,2호선
다사48504550,948625,1945625,서울지방병무청,신림선
다사48504775,948625,1947875,국회의사당,9호선
다사48504800,948625,1948125,국회의사당,9호선
다사48504925,948625,1949375,상수,6호선
다사48505125,948625,1951375,홍대입구,2호선
다사48505175,948625,1951875,가좌,경의중앙선
다사48505225,948625,1952375,가좌,경의중앙선
다사48505250,948625,1952625,가좌,경의중앙선
다사48505275,948625,1952875,가좌,경의중앙선
다사48505375,948625,1953875,증산(명지대앞),6호선
다사48505425,948625,1954375,새절(신사),6호선
다사48505450,948625,1954625,새절(신사),6호선
다사48505550,948625,1955625,응암,6호선
다사48505700,948625,1957125,구산,6호선
다사48505775,948625,1957875,연신내,3호선
다사48505800,948625,1958125,연신내,3호선
다사48505825,948625,1958375,연신내,3호선
다사48505850,948625,1958625,연신내,3호선
다사48505900,948625,1959125,구파발,3호선
다사48506000,948625,1960125,구파발,3호선
다사48506050,948625,1960625,구파발,3호선
다사48754250,948875,1942625,신림,2호선
다사48754275,948875,1942875,신림,2호선
다사48754775,948875,1947875,국회의사당,9호선
다사48754800,948875,1948125,국회의사당,9호선
다사48754950,948875,1949625,상수,6호선
다사48755075,948875,1950875,홍대입구,2호선
다사48755100,948875,1951125,홍대입구,2호선
다사48755125,948875,1951375,홍대입구,2호선
다사48755150,948875,1951625,홍대입구,2호선
다사48755175,948875,1951875,가좌,경의중앙선
다사48755200,948875,1952125,가좌,경의중앙선
다사48755250,948875,1952625,가좌,경의중앙선
다사48755275,948875,1952875,가좌,경의중앙선
다사48755425,948875,1954375,새절(신사),6호선
다사48755450,948875,1954625,새절(신사),6호선
다사48755475,948875,1954875,새절(신사),6호선
다사48755525,948875,1955375,응암,6호선
다사48755550,948875,1955625,응암,6호선
다사48755775,948875,1957875,연신내,3호선
다사48755800,948875,1958125,연신내,3호선
다사48755825,948875,1958375,연신내,3호선
다사48755850,948875,1958625,연신내,3호선
다사48755900,948875,1959125,구파발,3호선
다사48755925,948875,1959375,구파발,3호선
다사48756000,948875,1960125,구파발,3호선
다사48756025,948875,1960375,구파발,3호선
다사48756050,948875,1960625,구파발,3호선
다사49004250,949125,1942625,신림,2호선
다사49004800,949125,1948125,국회의사당,9호선
다사49005075,949125,1950875,홍대입구,2호선
다사49005100,949125,1951125,홍대입구,2호선
다사49005150,949125,1951625,홍대입구,2호선
다사49005200,949125,1952125,가좌,경의중앙선
다사49005525,949125,1955375,응암,6호선
다사49005550,949125,1955625,응암,6호선
다사49005600,949125,1956125,역촌,6호선
다사49005750,949125,1957625,연신내,3호선
다사49005775,949125,1957875,연신내,3호선
다사49005800,949125,1958125,연신내,3호선
다사49005825,949125,1958375,연신내,3호선
다사49005850,949125,1958625,연신내,3호선
다사49005950,949125,1959625,구파발,3호선
다사49006025,949125,1960375,구파발,3호선
다사49255075,949375,1950875,홍대입구,2호선
다사49255100,949375,1951125,홍대입구,2호선
다사49255125,949375,1951375,홍대입구,2호선
다사49255150,949375,1951625,홍대입구,2호선
다사49255575,949375,1955875,역촌,6호선
다사49255600,949375,1956125,역촌,6호선
다사49255825,949375,1958375,연신내,3호선
다사49255950,949375,1959625,구파발,3호선
다사49255975,949375,1959875,구파발,3호선
다사49504075,949625,1940875,서울대벤처타운,신림선
다사49504125,949625,1941375,서울대벤처타운,신림선
다사49504450,949625,1944625,신대방삼거리,7호선
다사49504475,949625,1944875,신대방삼거리,7호선
다사49504775,949625,1947875,여의나루,5호선
다사49505125,949625,1951375,홍대입구,2호선
다사49505525,949625,1955375,녹번,3호선
다사49505550,949625,1955625,녹번,3호선
다사49505575,949625,1955875,녹번,3호선
다사49505825,949625,1958375,독바위,6호선
다사49754075,949875,1940875,서울대벤처타운,신림선
다사49754100,949875,1941125,서울대벤처타운,신림선
다사49754125,949875,1941375,서울대벤처타운,신림선
다사49754375,949875,1943875,당곡,신림선
다사49754425,949875,1944375,신대방삼거리,7호선
다사49754450,949875,1944625,신대방삼거리,7호선
다사49754525,949875,1945375,장승배기,7호선
다사49754675,949875,1946875,샛강,9호선
다사49754725,949875,1947375,여의나루,5호선
다사49754750,949875,1947625,여의나루,5호선
다사49754950,949875,1949625,광흥창(서강),6호선
다사49755125,949875,1951375,신촌,2호선
다사49755525,949875,1955375,녹번,3호선
다사49755550,949875,1955625,녹번,3호선
다사49755575,949875,1955875,녹번,3호선
다사49755600,949875,1956125,녹번,3호선
다사49755650,949875,1956625,불광,3호선
다사49755675,949875,1956875,불광,3호선
다사49755775,949875,1957875,독바위,6호선
다사49755800,949875,1958125,독바위,6호선
다사49755825,949875,1958375,독바위,6호선
다사50004075,950125,1940875,서울대벤처타운,신림선
다사50004100,950125,1941125,서울대벤처타운,신림선
다사50004125,950125,1941375,서울대벤처타운,신림선
다사50004425,950125,1944375,신대방삼거리,7호선
다사50004500,950125,1945125,장승배기,7호선
다사50004525,950125,1945375,장승배기,7호선
다사50004675,950125,1946875,샛강,9호선
다사50004700,950125,1947125,여의나루,5호선
다사50004725,950125,1947375,여의나루,5호선
다사50004775,950125,1947875,여의나루,5호선
다사50004800,950125,1948125,여의나루,5호선
다사50004925,950125,1949375,광흥창(서강),6호선
다사50005125,950125,1951375,신촌,2호선
다사50005425,950125,1954375,홍제,3호선
다사50005450,950125,1954625,홍제,3호선
다사50005500,950125,1955125,녹번,3호선
다사50005550,950125,1955625,녹번,3호선
다사50005575,950125,1955875,녹번,3호선
다사50005600,950125,1956125,녹번,3호선
다사50005675,950125,1956875,불광,3호선
다사50005750,950125,1957625,독바위,6호선
다사50005775,950125,1957875,독바위,6호선
다사50005825,950125,1958375,독바위,6호선
다사50254075,950375,1940875,관악산(서울대),신림선
다사50254300,950375,1943125,봉천,2호선
다사50254325,950375,1943375,봉천,2호선
다사50254450,950375,1944625,장승배기,7호선
다사50254475,950375,1944875,장승배기,7호선
다사50254500,950375,1945125,장승배기,7호선
다사50254525,950375,1945375,장승배기,7호선
다사50254600,950375,1946125,노량진,9호선
다사50254625,950375,1946375,노량진,9호선
다사50254650,950375,1946625,노량진,9호선
다사50254675,950375,1946875,노량진,9호선
다사50254700,950375,1947125,여의나루,5호선
다사50254750,950375,1947625,여의나루,5호선
다사50255125,950375,1951375,신촌,2호선
다사50255400,950375,1954125,홍제,3호선
다사50255450,950375,1954625,홍제,3호선
다사50255525,950375,1955375,녹번,3호선
다사50255550,950375,1955625,녹번,3호선
다사50255575,950375,1955875,녹번,3호선
다사50255675,950375,1956875,불광,3호선
다사50255700,950375,1957125,불광,3호선
다사50255825,950375,1958375,독바위,6호선
다사50504100,950625,1941125,관악산(서울대),신림선
다사50504250,950625,1942625,봉천,2호선
다사50504275,950625,1942875,봉천,2호선
다사50504300,950625,1943125,봉천,2호선
다사50504325,950625,1943375,봉천,2호선
다사50504600,950625,1946125,노량진,9호선
다사50504625,950625,1946375,노량진,9호선
다사50504900,950625,1949125,마포,5호선
다사50505150,950625,1951625,이대,2호선
다사50505375,950625,1953875,홍제,3호선
다사50505400,950625,1954125,홍제,3호선
다사50505450,950625,1954625,홍제,3호선
다사50505500,950625,1955125,홍제,3호선
다사50754200,950875,1942125,봉천,2호선
다사50754300,950875,1943125,봉천,2호선
다사50754325,950875,1943375,봉천,2호선
다사50754425,950875,1944375,상도,7호선
다사50754600,950875,1946125,노량진,9호선
다사50754850,950875,1948625,마포,5호선
다사50754875,950875,1948875,마포,5호선
다사50755125,950875,1951375,이대,2호선
다사50755150,950875,1951625,이대,2호선
다사50755450,950875,1954625,홍제,3호선
다사50755475,950875,1954875,홍제,3호선
다사51004375,951125,1943875,숭실대입구(살피재),7호선
다사51004850,951125,1948625,마포,5호선
다사51005075,951125,1950875,이대,2호선
다사51005100,951125,1951125,이대,2호선
다사51005125,951125,1951375,이대,2호선
다사51005150,951125,1951625,이대,2호선
다사51005450,951125,1954625,홍제,3호선
다사51005475,951125,1954875,홍제,3호선
다사51005500,951125,1955125,홍제,3호선
다사51254050,951375,1940625,관악산(서울대),신림선
다사51254300,951375,1943125,서울대입구(관악구청),2호선
다사51254350,951375,1943625,숭실대입구(살피재),7호선
다사51254400,951375,1944125,숭실대입구(살피재),7호선
다사51254500,951375,1945125,상도,7호선
다사51254575,951375,1945875,노들,9호선
다사51254625,951375,1946375,노들,9호선
다사51254650,951375,1946625,노들,9호선
다사51254825,951375,1948375,마포,5호선
다사51254850,951375,1948625,마포,5호선
다사51255150,951375,1951625,이대,2호선
다사51255350,951375,1953625,무악재,3호선
다사51255375,951375,1953875,무악재,3호선
다사51255450,951375,1954625,홍제,3호선
다사51255475,951375,1954875,홍제,3호선
다사51255500,951375,1955125,홍제,3호선
다사51504075,951625,1940875,관악산(서울대),신림선
다사51504100,951625,1941125,관악산(서울대),신림선
다사51504225,951625,1942375,서울대입구(관악구청),2호선
다사51504250,951625,1942625,서울대입구(관악구청),2호선
다사51504275,951625,1942875,서울대입구(관악구청),2호선
다사51504300,951625,1943125,서울대입구(관악구청),2호선
다사51504325,951625,1943375,서울대입구(관악구청),2호선
다사51504350,951625,1943625,숭실대입구(살피재),7호선
다사51504400,951625,1944125,숭실대입구(살피재),7호선
다사51504500,951625,1945125,상도,7호선
다사51504600,951625,1946125,노들,9호선
다사51504625,951625,1946375,노들,9호선
다사51504675,951625,1946875,노들,9호선
다사51504850,951625,1948625,마포,5호선
다사51504950,951625,1949625,공덕,6호선
다사51504975,951625,1949875,공덕,6호선
다사51505150,951625,1951625,아현,2호선
다사51505275,951625,1952875,독립문,3호선
다사51505350,951625,1953625,무악재,3호선
다사51505375,951625,1953875,무악재,3호선
다사51505400,951625,1954125,무악재,3호선
다사51505450,951625,1954625,홍제,3호선
다사51754250,951875,1942625,서울대입구(관악구청),2호선
다사51754275,951875,1942875,서울대입구(관악구청),2호선
다사51754300,951875,1943125,서울대입구(관악구청),2호선
다사51754350,951875,1943625,숭실대입구(살피재),7호선
다사51754375,951875,1943875,숭실대입구(살피재),7호선
다사51754400,951875,1944125,숭실대입구(살피재),7호선
다사51754500,951875,1945125,상도,7호선
다사51754600,951875,1946125,노들,9호선
다사51754850,951875,1948625,효창공원앞,6호선
다사51754950,951875,1949625,공덕,6호선
다사51755150,951875,1951625,아현,2호선
다사51755250,951875,1952625,독립문,3호선
다사52004275,952125,1942875,서울대입구(관악구청),2호선
다사52004300,952125,1943125,서울대입구(관악구청),2호선
다사52004350,952125,1943625,숭실대입구(살피재),7호선
다사52004375,952125,1943875,숭실대입구(살피재),7호선
다사52004425,952125,1944375,숭실대입구(살피재),7호선
다사52004450,952125,1944625,숭실대입구(살피재),7호선
다사52004475,952125,1944875,숭실대입구(살피재),7호선
다사52004500,952125,1945125,흑석(중앙대입구),9호선
다사52004525,952125,1945375,흑석(중앙대입구),9호선
다사52004850,952125,1948625,효창공원앞,6호선
다사52004875,952125,1948875,효창공원앞,6호선
다사52005000,952125,1950125,애오개,5호선
다사52005175,952125,1951875,서대문,5호선
다사52005200,952125,1952125,서대문,5호선
다사52005225,952125,1952375,독립문,3호선
다사52005250,952125,1952625,독립문,3호선
다사52005300,952125,1953125,독립문,3호선
다사52254175,952375,1941875,낙성대,2호선
다사52254200,952375,1942125,낙성대,2호선
다사52254375,952375,1943875,숭실대입구(살피재),7호선
다사52254475,952375,1944875,흑석(중앙대입구),9호선
다사52254500,952375,1945125,흑석(중앙대입구),9호선
다사52254525,952375,1945375,흑석(중앙대입구),9호선
다사52254550,952375,1945625,흑석(중앙대입구),9호선
다사52254725,952375,1947375,용산,경부선
다사52254875,952375,1948875,효창공원앞,6호선
다사52254900,952375,1949125,효창공원앞,6호선
다사52254925,952375,1949375,효창공원앞,6호선
다사52255000,952375,1950125,애오개,5호선
다사52255200,952375,1952125,서대문,5호선
다사52255250,952375,1952625,독립문,3호선
다사52255275,952375,1952875,독립문,3호선
다사52255300,952375,1953125,독립문,3호선
다사52504125,952625,1941375,낙성대,2호선
다사52504150,952625,1941625,낙성대,2호선
다사52504175,952625,1941875,낙성대,2호선
다사52504200,952625,1942125,낙성대,2호선
다사52504225,952625,1942375,낙성대,2호선
다사52504300,952625,1943125,남성,7호선
다사52504325,952625,1943375,남성,7호선
다사52504500,952625,1945125,흑석(중앙대입구),9호선
다사52504525,952625,1945375,흑석(중앙대입구),9호선
다사52504550,952625,1945625,흑석(중앙대입구),9호선
다사52504575,952625,1945875,흑석(중앙대입구),9호선
다사52504975,952625,1949875,숙대입구(갈월),4호선
다사52505000,952625,1950125,애오개,5호선
다사52505025,952625,1950375,애오개,5호선
다사52505200,952625,1952125,서대문,5호선
다사52754125,952875,1941375,낙성대,2호선
다사52754150,952875,1941625,낙성대,2호선
다사52754175,952875,1941875,낙성대,2호선
다사52754200,952875,1942125,낙성대,2호선
다사52754300,952875,1943125,남성,7호선
다사52754325,952875,1943375,남성,7호선
다사52754500,952875,1945125,흑석(중앙대입구),9호선
다사52754675,952875,1946875,이촌(국립중앙박물관),4호선
다사52755000,952875,1950125,숙대입구(갈월),4호선
다사52755025,952875,1950375,서울역,1호선
다사52755200,952875,1952125,서대문,5호선
다사52755225,952875,1952375,서대문,5호선
다사52755325,952875,1953375,경복궁(정부서울청사),3호선
다사53004150,953125,1941625,낙성대,2호선
다사53004175,953125,1941875,낙성대,2호선
다사53004200,953125,1942125,낙성대,2호선
다사53004275,953125,1942875,남성,7호선
다사53004300,953125,1943125,남성,7호선
다사53004325,953125,1943375,남성,7호선
다사53004350,953125,1943625,남성,7호선
다사53004525,953125,1945375,흑석(중앙대입구),9호선
다사53004675,953125,1946875,이촌(국립중앙박물관),4호선
다사53005000,953125,1950125,숙대입구(갈월),4호선
다사53005025,953125,1950375,서울역,1호선
다사53005300,953125,1953125,경복궁(정부서울청사),3호선
다사53005325,953125,1953375,경복궁(정부서울청사),3호선
다사53005350,953125,1953625,경복궁(정부서울청사),3호선
다사53254225,953375,1942375,남성,7호선
다사53254250,953375,1942625,남성,7호선
다사53254275,953375,1942875,남성,7호선
다사53254300,953375,1943125,남성,7호선
다사53254325,953375,1943375,남성,7호선
다사53254350,953375,1943625,남성,7호선
다사53254500,953375,1945125,동작(현충원),4호선
다사53254650,953375,1946625,이촌(국립중앙박물관),4호선
다사53254675,953375,1946875,이촌(국립중앙박물관),4호선
다사53254700,953375,1947125,이촌(국립중앙박물관),4호선
다사53255325,953375,1953375,경복궁(정부서울청사),3호선
다사53255350,953375,1953625,경복궁(정부서울청사),3호선
다사53504150,953625,1941625,사당,2호선
다사53504175,953625,1941875,사당,2호선
다사53504200,953625,1942125,사당,2호선
다사53504675,953625,1946875,이촌(국립중앙박물관),4호선
다사53504700,953625,1947125,이촌(국립중앙박물관),4호선
다사53504725,953625,1947375,이촌(국립중앙박물관),4호선
다사53504825,953625,1948375,삼각지,6호선
다사53505000,953625,1950125,숙대입구(갈월),4호선
다사53505025,953625,1950375,서울역,1호선
다사53754150,953875,1941625,사당,2호선
다사53754175,953875,1941875,사당,2호선
다사53754200,953875,1942125,사당,2호선
다사53754500,953875,1945125,동작(현충원),4호선
다사53754650,953875,1946625,이촌(국립중앙박물관),4호선
다사53754675,953875,1946875,이촌(국립중앙박물관),4호선
다사53754700,953875,1947125,이촌(국립중앙박물관),4호선
다사53754725,953875,1947375,이촌(국립중앙박물관),4호선
다사53754975,953875,1949875,숙대입구(갈월),4호선
다사53755000,953875,1950125,숙대입구(갈월),4호선
다사54004025,954125,1940375,남태령,4호선
다사54004150,954125,1941625,사당,2호선
다사54004175,954125,1941875,사당,2호선
다사54004200,954125,1942125,사당,2호선
다사54004375,954125,1943875,총신대입구(이수),4호선
다사54004525,954125,1945375,동작(현충원),4호선
다사54004550,954125,1945625,동작(현충원),4호선
다사54004725,954125,1947375,이촌(국립중앙박물관),4호선
다사54004900,954125,1949125,삼각지,6호선
다사54004925,954125,1949375,숙대입구(갈월),4호선
다사54005025,954125,1950375,회현(남대문시장),4호선
다사54254050,954375,1940625,남태령,4호선
다사54254075,954375,1940875,남태령,4호선
다사54254150,954375,1941625,사당,2호선
다사54254200,954375,1942125,사당,2호선
다사54254375,954375,1943875,총신대입구(이수),4호선
다사54254400,954375,1944125,구반포,9호선
다사54255325,954375,1953375,안국,3호선
다사54255350,954375,1953625,안국,3호선
다사54255375,954375,1953875,안국,3호선
다사54504000,954625,1940125,남태령,4호선
다사54504025,954625,1940375,남태령,4호선
다사54504050,954625,1940625,남태령,4호선
다사54504075,954625,1940875,남태령,4호선
다사54504100,954625,1941125,남태령,4호선
다사54504150,954625,1941625,사당,2호선
다사54504175,954625,1941875,사당,2호선
다사54504400,954625,1944125,구반포,9호선
다사54504425,954625,1944375,구반포,9호선
다사54504650,954625,1946625,서빙고,경원선
다사54504875,954625,1948875,녹사평(용산구청),6호선
다사54505350,954625,1953625,안국,3호선
다사54505375,954625,1953875,안국,3호선
다사54753975,954875,1939875,남태령,4호선
다사54754025,954875,1940375,남태령,4호선
다사54754050,954875,1940625,남태령,4호선
다사54754075,954875,1940875,남태령,4호선
다사54754100,954875,1941125,남태령,4호선
다사54754175,954875,1941875,사당,2호선
다사54754200,954875,1942125,사당,2호선
다사54754350,954875,1943625,내방,7호선
다사54754375,954875,1943875,내방,7호선
다사54754400,954875,1944125,구반포,9호선
다사54754425,954875,1944375,구반포,9호선
다사54754650,954875,1946625,서빙고,경원선
다사54754675,954875,1946875,서빙고,경원선
다사54754700,954875,1947125,서빙고,경원선
다사54755350,954875,1953625,안국,3호선
다사55004000,955125,1940125,남태령,4호선
다사55004200,955125,1942125,방배,2호선
다사55004325,955125,1943375,내방,7호선
다사55004350,955125,1943625,내방,7호선
다사55004375,955125,1943875,내방,7호선
다사55004675,955125,1946875,서빙고,경원선
다사55004700,955125,1947125,서빙고,경원선
다사55254175,955375,1941875,방배,2호선
다사55254200,955375,1942125,방배,2호선
다사55254225,955375,1942375,방배,2호선
다사55254325,955375,1943375,내방,7호선
다사55254350,955375,1943625,내방,7호선
다사55254375,955375,1943875,내방,7호선
다사55254425,955375,1944375,신반포,9호선
다사55254525,955375,1945375,신반포,9호선
다사55254625,955375,1946375,서빙고,경원선
다사55254675,955375,1946875,서빙고,경원선
다사55254700,955375,1947125,서빙고,경원선
다사55254725,955375,1947375,서빙고,경원선
다사55254775,955375,1947875,이태원,6호선
다사55254800,955375,1948125,이태원,6호선
다사55255075,955375,1950875,충무로,4호선
다사55255400,955375,1954125,혜화,4호선
다사55504200,955625,1942125,방배,2호선
다사55504225,955625,1942375,방배,2호선
다사55504375,955625,1943875,내방,7호선
다사55504425,955625,1944375,신반포,9호선
다사55504450,955625,1944625,신반포,9호선
다사55504775,955625,1947875,이태원,6호선
다사55504800,955625,1948125,이태원,6호선
다사55505325,955625,1953375,혜화,4호선
다사55505350,955625,1953625,혜화,4호선
다사55505375,955625,1953875,혜화,4호선
다사55505400,955625,1954125,혜화,4호선
다사55754175,955875,1941875,방배,2호선
다사55754200,955875,1942125,방배,2호선
다사55754225,955875,1942375,방배,2호선
다사55754250,955875,1942625,방배,2호선
다사55754400,955875,1944125,서초,2호선
다사55754425,955875,1944375,신반포,9호선
다사55754575,955875,1945875,고속터미널,9호선
다사55754775,955875,1947875,한남,경원선
다사55755275,955875,1952875,종로5가,1호선
다사55755325,955875,1953375,혜화,4호선
다사55755350,955875,1953625,혜화,4호선
다사55755450,955875,1954625,한성대입구(삼선교),4호선
다사55755675,955875,1956875,북한산보국문,우이신설선
다사55755700,955875,1957125,북한산보국문,우이신설선
다사56004200,956125,1942125,방배,2호선
다사56004225,956125,1942375,방배,2호선
다사56004250,956125,1942625,방배,2호선
다사56004275,956125,1942875,방배,2호선
다사56004325,956125,1943375,서초,2호선
다사56004375,956125,1943875,서초,2호선
다사56004725,956125,1947375,한남,경원선
다사56004750,956125,1947625,한남,경원선
다사56004775,956125,1947875,한남,경원선
다사56004800,956125,1948125,한남,경원선
다사56004850,956125,1948625,한강진,6호선
다사56004875,956125,1948875,한강진,6호선
다사56004900,956125,1949125,한강진,6호선
다사56004975,956125,1949875,버티고개,6호선
다사56005325,956125,1953375,혜화,4호선
다사56005350,956125,1953625,혜화,4호선
다사56005450,956125,1954625,한성대입구(삼선교),4호선
다사56005475,956125,1954875,한성대입구(삼선교),4호선
다사56005500,956125,1955125,한성대입구(삼선교),4호선
다사56005650,956125,1956625,북한산보국문,우이신설선
다사56005675,956125,1956875,북한산보국문,우이신설선
다사56005700,956125,1957125,북한산보국문,우이신설선
다사56254250,956375,1942625,방배,2호선
다사56254300,956375,1943125,서초,2호선
다사56254325,956375,1943375,서초,2호선
다사56254350,956375,1943625,서초,2호선
다사56254450,956375,1944625,고속터미널,9호선
다사56254775,956375,1947875,한남,경원선
다사56254800,956375,1948125,한남,경원선
다사56254875,956375,1948875,한강진,6호선
다사56254900,956375,1949125,한강진,6호선
다사56254975,956375,1949875,버티고개,6호선
다사56255325,956375,1953375,혜화,4호선
다사56255350,956375,1953625,혜화,4호선
다사56255475,956375,1954875,한성대입구(삼선교),4호선
다사56255650,956375,1956625,북한산보국문,우이신설선
다사56255675,956375,1956875,북한산보국문,우이신설선
다사56255700,956375,1957125,북한산보국문,우이신설선
다사56255775,956375,1957875,솔샘,우이신설선
다사56255800,956375,1958125,솔샘,우이신설선
다사56256125,956375,1961375,4.19민주묘지,우이신설선
다사56256275,956375,1962875,북한산우이,우이신설선
다사56504250,956625,1942625,남부터미널(예술의전당),3호선
다사56504275,956625,1942875,남부터미널(예술의전당),3호선
다사56504450,956625,1944625,사평,9호선
다사56504625,956625,1946375,잠원,3호선
다사56504775,956625,1947875,한남,경원선
다사56504800,956625,1948125,한남,경원선
다사56504825,956625,1948375,한남,경원선
다사56504875,956625,1948875,한강진,6호선
다사56505575,956625,1955875,정릉,우이신설선
다사56505600,956625,1956125,정릉,우이신설선
다사56505675,956625,1956875,북한산보국문,우이신설선
다사56505700,956625,1957125,북한산보국문,우이신설선
다사56505850,956625,1958625,솔샘,우이신설선
다사56506000,956625,1960125,가오리,우이신설선
다사56506025,956625,1960375,가오리,우이신설선
다사56506075,956625,1960875,4.19민주묘지,우이신설선
다사56506175,956625,1961875,솔밭공원,우이신설선
다사56506250,956625,1962625,북한산우이,우이신설선
다사56506275,956625,1962875,북한산우이,우이신설선
다사56506300,956625,1963125,북한산우이,우이신설선
다사56506325,956625,1963375,북한산우이,우이신설선
다사56754225,956875,1942375,남부터미널(예술의전당),3호선
다사56754250,956875,1942625,남부터미널(예술의전당),3호선
다사56754275,956875,1942875,남부터미널(예술의전당),3호선
다사56754775,956875,1947875,한남,경원선
다사56754800,956875,1948125,한남,경원선
다사56754825,956875,1948375,한남,경원선
다사56754875,956875,1948875,옥수,3호선
다사56754900,956875,1949125,옥수,3호선
다사56755350,956875,1953625,창신,6호선
다사56755500,956875,1955125,성신여대입구(돈암),4호선
다사56755550,956875,1955625,정릉,우이신설선
다사56755600,956875,1956125,정릉,우이신설선
다사56755675,956875,1956875,북한산보국문,우이신설선
다사56755700,956875,1957125,북한산보국문,우이신설선
다사56755775,956875,1957875,솔샘,우이신설선
다사56755800,956875,1958125,솔샘,우이신설선
다사56755875,956875,1958875,삼양,우이신설선
다사56755925,956875,1959375,화계,우이신설선
다사56755950,956875,1959625,화계,우이신설선
다사56756000,956875,1960125,가오리,우이신설선
다사56756025,956875,1960375,가오리,우이신설선
다사56756100,956875,1961125,4.19민주묘지,우이신설선
다사56756275,956875,1962875,북한산우이,우이신설선
다사57004250,957125,1942625,남부터미널(예술의전당),3호선
다사57004275,957125,1942875,남부터미널(예술의전당),3호선
다사57004300,957125,1943125,남부터미널(예술의전당),3호선
다사57004675,957125,1946875,신사,3호선
다사57004750,957125,1947625,한남,경원선
다사57004825,957125,1948375,한남,경원선
다사57004850,957125,1948625,옥수,3호선
다사57004875,957125,1948875,옥수,3호선
다사57004900,957125,1949125,옥수,3호선
다사57005475,957125,1954875,성신여대입구(돈암),4호선
다사57005500,957125,1955125,성신여대입구(돈암),4호선
다사57005575,957125,1955875,정릉,우이신설선
다사57005600,957125,1956125,정릉,우이신설선
다사57005625,957125,1956375,정릉,우이신설선
다사57005700,957125,1957125,북한산보국문,우이신설선
다사57006025,957125,1960375,가오리,우이신설선
다사57006100,957125,1961125,4.19민주묘지,우이신설선
다사57254250,957375,1942625,남부터미널(예술의전당),3호선
다사57254275,957375,1942875,남부터미널(예술의전당),3호선
다사57254300,957375,1943125,남부터미널(예술의전당),3호선
다사57254375,957375,1943875,교대(법원.검찰청),2호선
다사57254400,957375,1944125,교대(법원.검찰청),2호선
다사57254650,957375,1946625,신사,3호선
다사57254675,957375,1946875,신사,3호선
다사57254700,957375,1947125,신사,3호선
다사57254900,957375,1949125,옥수,3호선
다사57255475,957375,1954875,성신여대입구(돈암),4호선
다사57255500,957375,1955125,성신여대입구(돈암),4호선
다사57255650,957375,1956625,정릉,우이신설선
다사57255700,957375,1957125,북한산보국문,우이신설선
다사57256025,957375,1960375,가오리,우이신설선
다사57504225,957625,1942375,남부터미널(예술의전당),3호선
다사57504275,957625,1942875,남부터미널(예술의전당),3호선
다사57504300,957625,1943125,남부터미널(예술의전당),3호선
다사57504375,957625,1943875,교대(법원.검찰청),2호선
다사57504675,957625,1946875,신사,3호선
다사57504700,957625,1947125,신사,3호선
다사57504725,957625,1947375,압구정,3호선
다사57504875,957625,1948875,옥수,3호선
다사57504900,957625,1949125,옥수,3호선
다사57505500,957625,1955125,성신여대입구(돈암),4호선
다사57505525,957625,1955375,성신여대입구(돈암),4호선
다사57505725,957625,1957375,삼양사거리,우이신설선
다사57506200,957625,1962125,솔밭공원,우이신설선
다사57754275,957875,1942875,남부터미널(예술의전당),3호선
다사57754300,957875,1943125,남부터미널(예술의전당),3호선
다사57754325,957875,1943375,남부터미널(예술의전당),3호선
다사57754675,957875,1946875,신사,3호선
다사57754725,957875,1947375,압구정,3호선
다사57754750,957875,1947625,압구정,3호선
다사57754775,957875,1947875,압구정,3호선
다사57754975,957875,1949875,금호,3호선
다사57755500,957875,1955125,성신여대입구(돈암),4호선
다사57755550,957875,1955625,길음,4호선
다사57755575,957875,1955875,길음,4호선
다사57755600,957875,1956125,길음,4호선
다사57755625,957875,1956375,길음,4호선
다사57755650,957875,1956625,길음,4호선
다사57755700,957875,1957125,미아사거리,4호선
다사57755775,957875,1957875,삼양사거리,우이신설선
다사57756075,957875,1960875,가오리,우이신설선
다사57756100,957875,1961125,4.19민주묘지,우이신설선
다사57756125,957875,1961375,4.19민주묘지,우이신설선
다사58004275,958125,1942875,양재(서초구청),3호선
다사58004300,958125,1943125,양재(서초구청),3호선
다사58004350,958125,1943625,강남,2호선
다사58004375,958125,1943875,강남,2호선
다사58004400,958125,1944125,강남,2호선
다사58004700,958125,1947125,압구정,3호선
다사58004725,958125,1947375,압구정,3호선
다사58004750,958125,1947625,압구정,3호선
다사58004775,958125,1947875,압구정,3호선
다사58004800,958125,1948125,압구정,3호선
다사58004825,958125,1948375,압구정,3호선
다사58005250,958125,1952625,신설동,1호선
다사58005275,958125,1952875,신설동,1호선
다사58005300,958125,1953125,신설동,1호선
다사58005575,958125,1955875,길음,4호선
다사58005600,958125,1956125,길음,4호선
다사58005625,958125,1956375,길음,4호선
다사58005700,958125,1957125,미아사거리,4호선
다사58005725,958125,1957375,미아사거리,4호선
다사58006050,958125,1960625,수유(강북구청),4호선
다사58254275,958375,1942875,양재(서초구청),3호선
다사58254300,958375,1943125,양재(서초구청),3호선
다사58254325,958375,1943375,양재(서초구청),3호선
다사58254350,958375,1943625,강남,2호선
다사58254375,958375,1943875,강남,2호선
다사58254400,958375,1944125,강남,2호선
다사58254650,958375,1946625,학동,7호선
다사58254700,958375,1947125,압구정,3호선
다사58254725,958375,1947375,압구정,3호선
다사58254750,958375,1947625,압구정,3호선
다사58254775,958375,1947875,압구정,3호선
다사58254800,958375,1948125,압구정,3호선
다사58254825,958375,1948375,압구정,3호선
다사58254975,958375,1949875,응봉,경원선
다사58255000,958375,1950125,응봉,경원선
다사58255175,958375,1951875,상왕십리,2호선
다사58255200,958375,1952125,상왕십리,2호선
다사58255250,958375,1952625,신설동,1호선
다사58255375,958375,1953875,안암(고대병원앞),6호선
다사58255400,958375,1954125,안암(고대병원앞),6호선
다사58255550,958375,1955625,길음,4호선
다사58255575,958375,1955875,길음,4호선
다사58255600,958375,1956125,길음,4호선
다사58255625,958375,1956375,길음,4호선
다사58255675,958375,1956875,미아사거리,4호선
다사58255700,958375,1957125,미아사거리,4호선
다사58255725,958375,1957375,미아사거리,4호선
다사58255750,958375,1957625,미아사거리,4호선
다사58255850,958375,1958625,미아(서울사이버대학),4호선
다사58255875,958375,1958875,미아(서울사이버대학),4호선
다사58255950,958375,1959625,수유(강북구청),4호선
다사58255975,958375,1959875,수유(강북구청),4호선
다사58256000,958375,1960125,수유(강북구청),4호선
다사58256025,958375,1960375,수유(강북구청),4호선
다사58256075,958375,1960875,쌍문,4호선
다사58256100,958375,1961125,쌍문,4호선
다사58256125,958375,1961375,쌍문,4호선
다사58504150,958625,1941625,양재시민의숲(매헌),신분당선
다사58504275,958625,1942875,양재(서초구청),3호선
다사58504300,958625,1943125,양재(서초구청),3호선
다사58504325,958625,1943375,양재(서초구청),3호선
다사58504350,958625,1943625,양재(서초구청),3호선
다사58504375,958625,1943875,강남,2호선
다사58504625,958625,1946375,학동,7호선
다사58504650,958625,1946625,학동,7호선
다사58504675,958625,1946875,학동,7호선
다사58504700,958625,1947125,압구정,3호선
다사58504725,958625,1947375,압구정,3호선
다사58504775,958625,1947875,압구정,3호선
다사58504800,958625,1948125,압구정,3호선
다사58504975,958625,1949875,응봉,경원선
다사58505000,958625,1950125,응봉,경원선
다사58505200,958625,1952125,상왕십리,2호선
다사58505500,958625,1955125,고려대(종암),6호선
다사58505550,958625,1955625,길음,4호선
다사58505575,958625,1955875,길음,4호선
다사58505600,958625,1956125,길음,4호선
다사58505625,958625,1956375,길음,4호선
다사58505675,958625,1956875,미아사거리,4호선
다사58505700,958625,1957125,미아사거리,4호선
다사58505725,958625,1957375,미아사거리,4호선
다사58505750,958625,1957625,미아사거리,4호선
다사58505775,958625,1957875,미아사거리,4호선
다사58505800,958625,1958125,미아(서울사이버대학),4호선
다사58505825,958625,1958375,미아(서울사이버대학),4호선
다사58505850,958625,1958625,미아(서울사이버대학),4호선
다사58505875,958625,1958875,미아(서울사이버대학),4호선
다사58505925,958625,1959375,수유(강북구청),4호선
다사58505950,958625,1959625,수유(강북구청),4호선
다사58505975,958625,1959875,수유(강북구청),4호선
다사58506000,958625,1960125,수유(강북구청),4호선
다사58506025,958625,1960375,수유(강북구청),4호선
다사58506050,958625,1960625,쌍문,4호선
다사58506075,958625,1960875,쌍문,4호선
다사58506100,958625,1961125,쌍문,4호선
다사58506125,958625,1961375,쌍문,4호선
다사58506150,958625,1961625,쌍문,4호선
다사58754050,958875,1940625,양재시민의숲(매헌),신분당선
다사58754075,958875,1940875,양재시민의숲(매헌),신분당선
다사58754100,958875,1941125,양재시민의숲(매헌),신분당선
다사58754200,958875,1942125,양재(서초구청),3호선
다사58754225,958875,1942375,양재(서초구청),3호선
다사58754275,958875,1942875,양재(서초구청),3호선
다사58754300,958875,1943125,양재(서초구청),3호선
다사58754325,958875,1943375,양재(서초구청),3호선
다사58754350,958875,1943625,양재(서초구청),3호선
다사58755000,958875,1950125,응봉,경원선
다사58755475,958875,1954875,고려대(종암),6호선
다사58755500,958875,1955125,고려대(종암),6호선
다사58755525,958875,1955375,고려대(종암),6호선
다사58755550,958875,1955625,월곡(동덕여대),6호선
다사58755575,958875,1955875,월곡(동덕여대),6호선
다사58755625,958875,1956375,월곡(동덕여대),6호선
다사58755675,958875,1956875,미아사거리,4호선
다사58755700,958875,1957125,미아사거리,4호선
다사58755725,958875,1957375,미아사거리,4호선
다사58755750,958875,1957625,미아사거리,4호선
다사58755775,958875,1957875,미아사거리,4호선
다사58755850,958875,1958625,미아(서울사이버대학),4호선
다사58755950,958875,1959625,수유(강북구청),4호선
다사58755975,958875,1959875,수유(강북구청),4호선
다사58756025,958875,1960375,쌍문,4호선
다사58756050,958875,1960625,쌍문,4호선
다사58756075,958875,1960875,쌍문,4호선
다사58756100,958875,1961125,쌍문,4호선
다사58756125,958875,1961375,쌍문,4호선
다사58756150,958875,1961625,쌍문,4호선
다사58756175,958875,1961875,쌍문,4호선
다사59004050,959125,1940625,양재시민의숲(매헌),신분당선
다사59004075,959125,1940875,양재시민의숲(매헌),신분당선
다사59004125,959125,1941375,양재시민의숲(매헌),신분당선
다사59004225,959125,1942375,양재(서초구청),3호선
다사59004250,959125,1942625,양재(서초구청),3호선
다사59004275,959125,1942875,양재(서초구청),3호선
다사59004300,959125,1943125,양재(서초구청),3호선
다사59004325,959125,1943375,양재(서초구청),3호선
다사59004350,959125,1943625,양재(서초구청),3호선
다사59004400,959125,1944125,역삼,2호선
다사59004425,959125,1944375,역삼,2호선
다사59004450,959125,1944625,역삼,2호선
다사59004675,959125,1946875,강남구청,7호선
다사59004725,959125,1947375,압구정로데오,분당선
다사59004775,959125,1947875,압구정로데오,분당선
다사59004800,959125,1948125,압구정로데오,분당선
다사59005450,959125,1954625,고려대(종암),6호선
다사59005475,959125,1954875,고려대(종암),6호선
다사59005500,959125,1955125,고려대(종암),6호선
다사59005550,959125,1955625,월곡(동덕여대),6호선
다사59005575,959125,1955875,월곡(동덕여대),6호선
다사59005600,959125,1956125,월곡(동덕여대),6호선
다사59005625,959125,1956375,월곡(동덕여대),6호선
다사59005675,959125,1956875,미아사거리,4호선
다사59005700,959125,1957125,미아사거리,4호선
다사59005725,959125,1957375,미아사거리,4호선
다사59006025,959125,1960375,쌍문,4호선
다사59006050,959125,1960625,쌍문,4호선
다사59006075,959125,1960875,쌍문,4호선
다사59006100,959125,1961125,쌍문,4호선
다사59006125,959125,1961375,쌍문,4호선
다사59006150,959125,1961625,쌍문,4호선
다사59006175,959125,1961875,쌍문,4호선
다사59006275,959125,1962875,방학,경원선
다사59006300,959125,1963125,방학,경원선
다사59006325,959125,1963375,방학,경원선
다사59254075,959375,1940875,양재시민의숲(매헌),신분당선
다사59254100,959375,1941125,양재시민의숲(매헌),신분당선
다사59254125,959375,1941375,양재시민의숲(매헌),신분당선
다사59254150,959375,1941625,양재시민의숲(매헌),신분당선
다사59254225,959375,1942375,양재(서초구청),3호선
다사59254350,959375,1943625,매봉,3호선
다사59254400,959375,1944125,역삼,2호선
다사59254425,959375,1944375,역삼,2호선
다사59254450,959375,1944625,역삼,2호선
다사59254650,959375,1946625,강남구청,7호선
다사59254725,959375,1947375,압구정로데오,분당선
다사59254750,959375,1947625,압구정로데오,분당선
다사59254775,959375,1947875,압구정로데오,분당선
다사59255425,959375,1954375,고려대(종암),6호선
다사59255450,959375,1954625,고려대(종암),6호선
다사59255475,959375,1954875,고려대(종암),6호선
다사59255500,959375,1955125,고려대(종암),6호선
다사59255550,959375,1955625,월곡(동덕여대),6호선
다사59255575,959375,1955875,월곡(동덕여대),6호선
다사59255600,959375,1956125,월곡(동덕여대),6호선
다사59256050,959375,1960625,쌍문,4호선
다사59256075,959375,1960875,쌍문,4호선
다사59256100,959375,1961125,쌍문,4호선
다사59256175,959375,1961875,창동,4호선
다사59256250,959375,1962625,방학,경원선
다사59256275,959375,1962875,방학,경원선
다사59256300,959375,1963125,방학,경원선
다사59256325,959375,1963375,방학,경원선
다사59256350,959375,1963625,방학,경원선
다사59256375,959375,1963875,방학,경원선
다사59256425,959375,1964375,도봉,경원선
다사59256450,959375,1964625,도봉,경원선
다사59256525,959375,1965375,도봉산,7호선
다사59504075,959625,1940875,양재시민의숲(매헌),신분당선
다사59504100,959625,1941125,양재시민의숲(매헌),신분당선
다사59504125,959625,1941375,양재시민의숲(매헌),신분당선
다사59504150,959625,1941625,양재시민의숲(매헌),신분당선
다사59504175,959625,1941875,양재시민의숲(매헌),신분당선
다사59504250,959625,1942625,매봉,3호선
다사59504275,959625,1942875,매봉,3호선
다사59504375,959625,1943875,매봉,3호선
다사59504425,959625,1944375,역삼,2호선
다사59504650,959625,1946625,강남구청,7호선
다사59504675,959625,1946875,강남구청,7호선
다사59504725,959625,1947375,압구정로데오,분당선
다사59504750,959625,1947625,압구정로데오,분당선
다사59504775,959625,1947875,압구정로데오,분당선
다사59504825,959625,1948375,압구정로데오,분당선
다사59505050,959625,1950625,한양대,2호선
다사59505375,959625,1953875,청량리(서울시립대입구),1호선
다사59505425,959625,1954375,고려대(종암),6호선
다사59505500,959625,1955125,고려대(종암),6호선
다사59505550,959625,1955625,월곡(동덕여대),6호선
다사59506075,959625,1960875,쌍문,4호선
다사59506150,959625,1961625,창동,4호선
다사59506175,959625,1961875,창동,4호선
다사59506200,959625,1962125,창동,4호선
다사59506250,959625,1962625,방학,경원선
다사59506275,959625,1962875,방학,경원선
다사59506300,959625,1963125,방학,경원선
다사59506325,959625,1963375,방학,경원선
다사59506350,959625,1963625,방학,경원선
다사59506400,959625,1964125,도봉,경원선
다사59506425,959625,1964375,도봉,경원선
다사59506450,959625,1964625,도봉,경원선
다사59506475,959625,1964875,도봉,경원선
다사59506525,959625,1965375,도봉산,7호선
다사59506550,959625,1965625,도봉산,7호선
다사59506575,959625,1965875,도봉산,7호선
다사59754100,959875,1941125,양재시민의숲(매헌),신분당선
다사59754125,959875,1941375,양재시민의숲(매헌),신분당선
다사59754150,959875,1941625,양재시민의숲(매헌),신분당선
다사59754275,959875,1942875,매봉,3호선
다사59754300,959875,1943125,매봉,3호선
다사59754325,959875,1943375,매봉,3호선
다사59754475,959875,1944875,선릉,2호선
다사59754725,959875,1947375,압구정로데오,분당선
다사59754750,959875,1947625,압구정로데오,분당선
다사59754775,959875,1947875,압구정로데오,분당선
다사59754875,959875,1948875,서울숲,분당선
다사59755325,959875,1953375,청량리(서울시립대입구),1호선
다사59755350,959875,1953625,청량리(서울시립대입구),1호선
다사59755375,959875,1953875,청량리(서울시립대입구),1호선
다사59755400,959875,1954125,청량리(서울시립대입구),1호선
다사59755550,959875,1955625,월곡(동덕여대),6호선
다사59755700,959875,1957125,상월곡(한국과학기술연구원),6호선
다사59756050,959875,1960625,녹천,경원선
다사59756125,959875,1961375,창동,4호선
다사59756150,959875,1961625,창동,4호선
다사59756175,959875,1961875,창동,4호선
다사59756200,959875,1962125,창동,4호선
다사59756225,959875,1962375,창동,4호선
다사59756250,959875,1962625,방학,경원선
다사59756275,959875,1962875,방학,경원선
다사59756300,959875,1963125,방학,경원선
다사59756325,959875,1963375,방학,경원선
다사59756350,959875,1963625,방학,경원선
다사59756400,959875,1964125,도봉,경원선
다사59756425,959875,1964375,도봉,경원선
다사59756450,959875,1964625,도봉,경원선
다사59756525,959875,1965375,도봉산,7호선
다사59756550,959875,1965625,도봉산,7호선
다사59756575,959875,1965875,도봉산,7호선
다사59756600,959875,1966125,도봉산,7호선
다사59756625,959875,1966375,도봉산,7호선
다사60004250,960125,1942625,매봉,3호선
다사60004275,960125,1942875,매봉,3호선
다사60004700,960125,1947125,청담,7호선
다사60004750,960125,1947625,압구정로데오,분당선
다사60004875,960125,1948875,서울숲,분당선
다사60005325,960125,1953375,청량리(서울시립대입구),1호선
다사60005350,960125,1953625,청량리(서울시립대입구),1호선
다사60005375,960125,1953875,청량리(서울시립대입구),1호선
다사60005400,960125,1954125,청량리(서울시립대입구),1호선
다사60006050,960125,1960625,녹천,경원선
다사60006150,960125,1961625,창동,4호선
다사60006175,960125,1961875,창동,4호선
다사60006200,960125,1962125,창동,4호선
다사60006225,960125,1962375,창동,4호선
다사60006250,960125,1962625,방학,경원선
다사60006300,960125,1963125,방학,경원선
다사60006325,960125,1963375,방학,경원선
다사60006350,960125,1963625,방학,경원선
다사60006525,960125,1965375,도봉산,7호선
다사60253900,960375,1939125,청계산입구,신분당선
다사60253925,960375,1939375,청계산입구,신분당선
다사60254250,960375,1942625,매봉,3호선
다사60254500,960375,1945125,선릉,2호선
다사60254675,960375,1946875,청담,7호선
다사60254700,960375,1947125,청담,7호선
다사60254725,960375,1947375,청담,7호선
다사60254875,960375,1948875,성수,2호선
다사60255275,960375,1952875,신답,2호선
다사60255300,960375,1953125,청량리(서울시립대입구),1호선
다사60255325,960375,1953375,청량리(서울시립대입구),1호선
다사60255350,960375,1953625,청량리(서울시립대입구),1호선
다사60255375,960375,1953875,청량리(서울시립대입구),1호선
다사60255400,960375,1954125,회기,중앙선
다사60255450,960375,1954625,회기,중앙선
다사60255475,960375,1954875,회기,중앙선
다사60255725,960375,1957375,돌곶이,6호선
다사60255900,960375,1959125,월계,경원선
다사60255925,960375,1959375,월계,경원선
다사60256150,960375,1961625,창동,4호선
다사60256175,960375,1961875,창동,4호선
다사60256200,960375,1962125,창동,4호선
다사60256350,960375,1963625,방학,경원선
다사60256375,960375,1963875,수락산,7호선
다사60256550,960375,1965625,도봉산,7호선
다사60256600,960375,1966125,도봉산,7호선
다사60503825,960625,1938375,청계산입구,신분당선
다사60503850,960625,1938625,청계산입구,신분당선
다사60503900,960625,1939125,청계산입구,신분당선
다사60503925,960625,1939375,청계산입구,신분당선
다사60504250,960625,1942625,구룡,분당선
다사60504500,960625,1945125,선릉,2호선
다사60504675,960625,1946875,청담,7호선
다사60504700,960625,1947125,청담,7호선
다사60504725,960625,1947375,청담,7호선
다사60504875,960625,1948875,성수,2호선
다사60504900,960625,1949125,성수,2호선
다사60505025,960625,1950375,뚝섬,2호선
다사60505075,960625,1950875,용답,2호선
다사60505375,960625,1953875,회기,중앙선
다사60505400,960625,1954125,회기,중앙선
다사60505425,960625,1954375,회기,중앙선
다사60505450,960625,1954625,회기,중앙선
다사60505475,960625,1954875,회기,중앙선
다사60505500,960625,1955125,회기,중앙선
다사60505700,960625,1957125,돌곶이,6호선
다사60505725,960625,1957375,돌곶이,6호선
다사60505750,960625,1957625,돌곶이,6호선
다사60505800,960625,1958125,광운대,경원선
다사60505825,960625,1958375,광운대,경원선
다사60505875,960625,1958875,월계,경원선
다사60506025,960625,1960375,녹천,경원선
다사60506075,960625,1960875,녹천,경원선
다사60506250,960625,1962625,마들,7호선
다사60506275,960625,1962875,마들,7호선
다사60506300,960625,1963125,마들,7호선
다사60506325,960625,1963375,마들,7호선
다사60506375,960625,1963875,수락산,7호선
다사60506400,960625,1964125,수락산,7호선
다사60506525,960625,1965375,도봉산,7호선
다사60506575,960625,1965875,도봉산,7호선
다사60753800,960875,1938125,청계산입구,신분당선
다사60753825,960875,1938375,청계산입구,신분당선
다사60753850,960875,1938625,청계산입구,신분당선
다사60753875,960875,1938875,청계산입구,신분당선
다사60754225,960875,1942375,구룡,분당선
다사60754250,960875,1942625,구룡,분당선
다사60754450,960875,1944625,한티,분당선
다사60754475,960875,1944875,한티,분당선
다사60754500,960875,1945125,삼성(무역센터),2호선
다사60754700,960875,1947125,청담,7호선
다사60754875,960875,1948875,성수,2호선
다사60754900,960875,1949125,성수,2호선
다사60754950,960875,1949625,성수,2호선
다사60754975,960875,1949875,성수,2호선
다사60755200,960875,1952125,답십리,5호선
다사60755225,960875,1952375,답십리,5호선
다사60755250,960875,1952625,답십리,5호선
다사60755375,960875,1953875,회기,중앙선
다사60755425,960875,1954375,회기,중앙선
다사60755450,960875,1954625,회기,중앙선
다사60755525,960875,1955375,외대앞,경원선
다사60755550,960875,1955625,외대앞,경원선
다사60755675,960875,1956875,돌곶이,6호선
다사60755700,960875,1957125,돌곶이,6호선
다사60755750,960875,1957625,돌곶이,6호선
다사60755775,960875,1957875,광운대,경원선
다사60755800,960875,1958125,광운대,경원선
다사60755825,960875,1958375,광운대,경원선
다사60755900,960875,1959125,월계,경원선
다사60755925,960875,1959375,월계,경원선
다사60756125,960875,1961375,노원,7호선
다사60756150,960875,1961625,노원,7호선
다사60756250,960875,1962625,마들,7호선
다사60756275,960875,1962875,마들,7호선
다사60756300,960875,1963125,마들,7호선
다사60756325,960875,1963375,마들,7호선
다사60756375,960875,1963875,수락산,7호선
다사60756400,960875,1964125,수락산,7호선
다사60756425,960875,1964375,수락산,7호선
다사60756450,960875,1964625,수락산,7호선
다사60756500,960875,1965125,수락산,7호선
다사61003925,961125,1939375,청계산입구,신분당선
다사61004225,961125,1942375,구룡,분당선
다사61004250,961125,1942625,구룡,분당선
다사61004475,961125,1944875,삼성(무역센터),2호선
다사61004500,961125,1945125,삼성(무역센터),2호선
다사61004525,961125,1945375,삼성(무역센터),2호선
다사61004700,961125,1947125,청담,7호선
다사61004825,961125,1948375,뚝섬유원지,7호선
다사61004850,961125,1948625,뚝섬유원지,7호선
다사61004875,961125,1948875,성수,2호선
다사61004900,961125,1949125,성수,2호선
다사61004925,961125,1949375,성수,2호선
다사61004950,961125,1949625,성수,2호선
다사61004975,961125,1949875,성수,2호선
다사61005200,961125,1952125,답십리,5호선
다사61005225,961125,1952375,답십리,5호선
다사61005375,961125,1953875,회기,중앙선
다사61005400,961125,1954125,회기,중앙선
다사61005425,961125,1954375,회기,중앙선
다사61005525,961125,1955375,외대앞,경원선
다사61005625,961125,1956375,돌곶이,6호선
다사61005650,961125,1956625,돌곶이,6호선
다사61005800,961125,1958125,광운대,경원선
다사61005825,961125,1958375,광운대,경원선
다사61005900,961125,1959125,월계,경원선
다사61005925,961125,1959375,월계,경원선
다사61006125,961125,1961375,노원,7호선
다사61006150,961125,1961625,노원,7호선
다사61006175,961125,1961875,노원,7호선
다사61006200,961125,1962125,노원,7호선
다사61006250,961125,1962625,마들,7호선
다사61006275,961125,1962875,마들,7호선
다사61006300,961125,1963125,마들,7호선
다사61006325,961125,1963375,마들,7호선
다사61006375,961125,1963875,수락산,7호선
다사61006400,961125,1964125,수락산,7호선
다사61253900,961375,1939125,청계산입구,신분당선
다사61254250,961375,1942625,구룡,분당선
다사61254475,961375,1944875,삼성(무역센터),2호선
다사61254500,961375,1945125,삼성(무역센터),2호선
다사61254525,961375,1945375,삼성(무역센터),2호선
다사61254650,961375,1946625,봉은사,9호선(연장)
다사61254675,961375,1946875,봉은사,9호선(연장)
다사61254825,961375,1948375,뚝섬유원지,7호선
다사61254850,961375,1948625,뚝섬유원지,7호선
다사61254875,961375,1948875,건대입구,7호선
다사61254950,961375,1949625,성수,2호선
다사61254975,961375,1949875,성수,2호선
다사61255100,961375,1951125,장한평,5호선
다사61255125,961375,1951375,장한평,5호선
다사61255150,961375,1951625,장한평,5호선
다사61255175,961375,1951875,장한평,5호선
다사61255200,961375,1952125,장한평,5호선
다사61255400,961375,1954125,회기,중앙선
다사61255425,961375,1954375,회기,중앙선
다사61255600,961375,1956125,신이문,경원선
다사61255800,961375,1958125,광운대,경원선
다사61255825,961375,1958375,광운대,경원선
다사61255850,961375,1958625,광운대,경원선
다사61256025,961375,1960375,중계,7호선
다사61256050,961375,1960625,중계,7호선
다사61256075,961375,1960875,중계,7호선
다사61256150,961375,1961625,노원,7호선
다사61256175,961375,1961875,노원,7호선
다사61256200,961375,1962125,노원,7호선
다사61256250,961375,1962625,마들,7호선
다사61256275,961375,1962875,마들,7호선
다사61256300,961375,1963125,마들,7호선
다사61256325,961375,1963375,마들,7호선
다사61504250,961625,1942625,개포동,분당선
다사61504500,961625,1945125,삼성(무역센터),2호선
다사61504525,961625,1945375,삼성(무역센터),2호선
다사61504625,961625,1946375,봉은사,9호선(연장)
다사61504725,961625,1947375,뚝섬유원지,7호선
다사61504775,961625,1947875,뚝섬유원지,7호선
다사61504800,961625,1948125,뚝섬유원지,7호선
다사61504825,961625,1948375,뚝섬유원지,7호선
다사61504900,961625,1949125,건대입구,7호선
다사61504925,961625,1949375,건대입구,7호선
다사61504950,961625,1949625,건대입구,7호선
다사61505100,961625,1951125,장한평,5호선
다사61505125,961625,1951375,장한평,5호선
다사61505150,961625,1951625,장한평,5호선
다사61505175,961625,1951875,장한평,5호선
다사61505200,961625,1952125,장한평,5호선
다사61505425,961625,1954375,회기,중앙선
다사61505500,961625,1955125,외대앞,경원선
다사61505600,961625,1956125,신이문,경원선
다사61505625,961625,1956375,신이문,경원선
다사61505700,961625,1957125,석계,6호선
다사61505725,961625,1957375,석계,6호선
다사61506050,961625,1960625,중계,7호선
다사61506075,961625,1960875,중계,7호선
다사61506150,961625,1961625,노원,7호선
다사61506175,961625,1961875,노원,7호선
다사61506200,961625,1962125,노원,7호선
다사61506275,961625,1962875,마들,7호선
다사61506300,961625,1963125,마들,7호선
다사61754275,961875,1942875,개포동,분당선
다사61754475,961875,1944875,학여울,3호선
다사61754800,961875,1948125,뚝섬유원지,7호선
다사61754900,961875,1949125,건대입구,7호선
다사61755000,961875,1950125,어린이대공원(세종대),7호선
다사61755025,961875,1950375,어린이대공원(세종대),7호선
다사61755100,961875,1951125,장한평,5호선
다사61755125,961875,1951375,장한평,5호선
다사61755150,961875,1951625,장한평,5호선
다사61755175,961875,1951875,장한평,5호선
다사61755200,961875,1952125,장한평,5호선
다사61755450,961875,1954625,외대앞,경원선
다사61755600,961875,1956125,신이문,경원선
다사61755625,961875,1956375,신이문,경원선
다사61755675,961875,1956875,석계,6호선
다사61755700,961875,1957125,석계,6호선
다사61755925,961875,1959375,하계,7호선
다사61755950,961875,1959625,하계,7호선
다사61755975,961875,1959875,하계,7호선
다사61756050,961875,1960625,중계,7호선
다사61756075,961875,1960875,중계,7호선
다사61756100,961875,1961125,중계,7호선
다사61756150,961875,1961625,노원,7호선
다사61756225,961875,1962375,상계,4호선
다사61756250,961875,1962625,상계,4호선
다사61756275,961875,1962875,상계,4호선
다사62004450,962125,1944625,학여울,3호선
다사62004600,962125,1946125,종합운동장,9호선(연장)
다사62004800,962125,1948125,뚝섬유원지,7호선
다사62004875,962125,1948875,건대입구,7호선
다사62004900,962125,1949125,건대입구,7호선
다사62005000,962125,1950125,어린이대공원(세종대),7호선
다사62005025,962125,1950375,어린이대공원(세종대),7호선
다사62005075,962125,1950875,군자(능동),7호선
다사62005125,962125,1951375,장한평,5호선
다사62005150,962125,1951625,장한평,5호선
다사62005175,962125,1951875,장한평,5호선
다사62005850,962125,1958625,공릉(서울과학기술대),7호선
다사62005875,962125,1958875,공릉(서울과학기술대),7호선
다사62005925,962125,1959375,하계,7호선
다사62005950,962125,1959625,하계,7호선
다사62005975,962125,1959875,하계,7호선
다사62006050,962125,1960625,중계,7호선
다사62006075,962125,1960875,중계,7호선
다사62006175,962125,1961875,상계,4호선
다사62006200,962125,1962125,상계,4호선
다사62006225,962125,1962375,상계,4호선
다사62006250,962125,1962625,상계,4호선
다사62006275,962125,1962875,상계,4호선
다사62006300,962125,1963125,상계,4호선
다사62006325,962125,1963375,불암산,4호선
다사62254275,962375,1942875,대모산입구,분당선
다사62254500,962375,1945125,종합운동장,9호선(연장)
다사62254525,962375,1945375,종합운동장,9호선(연장)
다사62254575,962375,1945875,종합운동장,9호선(연장)
다사62254625,962375,1946375,종합운동장,9호선(연장)
다사62254650,962375,1946625,종합운동장,9호선(연장)
다사62254775,962375,1947875,뚝섬유원지,7호선
다사62254800,962375,1948125,뚝섬유원지,7호선
다사62254825,962375,1948375,뚝섬유원지,7호선
다사62254850,962375,1948625,건대입구,7호선
다사62254875,962375,1948875,건대입구,7호선
다사62254900,962375,1949125,건대입구,7호선
다사62255000,962375,1950125,어린이대공원(세종대),7호선
다사62255075,962375,1950875,군자(능동),7호선
다사62255100,962375,1951125,군자(능동),7호선
다사62255125,962375,1951375,군자(능동),7호선
다사62255425,962375,1954375,중랑,중앙선
다사62255450,962375,1954625,중랑,중앙선
다사62255475,962375,1954875,중랑,중앙선
다사62255500,962375,1955125,중랑,중앙선
다사62255650,962375,1956625,먹골,7호선
다사62255675,962375,1956875,먹골,7호선
다사62255850,962375,1958625,공릉(서울과학기술대),7호선
다사62255875,962375,1958875,공릉(서울과학기술대),7호선
다사62255925,962375,1959375,하계,7호선
다사62255950,962375,1959625,하계,7호선
다사62255975,962375,1959875,하계,7호선
다사62256000,962375,1960125,하계,7호선
다사62256175,962375,1961875,상계,4호선
다사62256200,962375,1962125,상계,4호선
다사62256225,962375,1962375,상계,4호선
다사62256250,962375,1962625,상계,4호선
다사62256275,962375,1962875,상계,4호선
다사62504250,962625,1942625,일원,3호선
다사62504275,962625,1942875,일원,3호선
다사62504500,962625,1945125,종합운동장,9호선(연장)
다사62504525,962625,1945375,종합운동장,9호선(연장)
다사62504550,962625,1945625,종합운동장,9호선(연장)
다사62504575,962625,1945875,종합운동장,9호선(연장)
다사62504600,962625,1946125,종합운동장,9호선(연장)
다사62504625,962625,1946375,종합운동장,9호선(연장)
다사62504650,962625,1946625,종합운동장,9호선(연장)
다사62504875,962625,1948875,건대입구,7호선
다사62504900,962625,1949125,건대입구,7호선
다사62505075,962625,1950875,군자(능동),7호선
다사62505100,962625,1951125,군자(능동),7호선
다사62505125,962625,1951375,군자(능동),7호선
다사62505175,962625,1951875,중곡,7호선
다사62505200,962625,1952125,중곡,7호선
다사62505425,962625,1954375,중랑,중앙선
다사62505450,962625,1954625,중랑,중앙선
다사62505475,962625,1954875,중랑,중앙선
다사62505675,962625,1956875,먹골,7호선
다사62505850,962625,1958625,공릉(서울과학기술대),7호선
다사62505875,962625,1958875,공릉(서울과학기술대),7호선
다사62505900,962625,1959125,공릉(서울과학기술대),7호선
다사62505950,962625,1959625,하계,7호선
다사62505975,962625,1959875,하계,7호선
다사62506175,962625,1961875,상계,4호선
다사62506225,962625,1962375,상계,4호선
다사62754250,962875,1942625,일원,3호선
다사62754275,962875,1942875,일원,3호선
다사62754500,962875,1945125,삼전,9호선(연장)
다사62754825,962875,1948375,구의(광진구청),2호선
다사62754850,962875,1948625,구의(광진구청),2호선
다사62754875,962875,1948875,구의(광진구청),2호선
다사62754925,962875,1949375,어린이대공원(세종대),7호선
다사62754950,962875,1949625,어린이대공원(세종대),7호선
다사62755050,962875,1950625,군자(능동),7호선
다사62755075,962875,1950875,군자(능동),7호선
다사62755100,962875,1951125,군자(능동),7호선
다사62755175,962875,1951875,중곡,7호선
다사62755200,962875,1952125,중곡,7호선
다사62755250,962875,1952625,용마산,7호선
다사62755275,962875,1952875,용마산,7호선
다사62755300,962875,1953125,용마산,7호선
다사62755350,962875,1953625,사가정,7호선
다사62755400,962875,1954125,면목,7호선
다사62755425,962875,1954375,면목,7호선
다사62755675,962875,1956875,먹골,7호선
다사62755850,962875,1958625,공릉(서울과학기술대),7호선
다사62755875,962875,1958875,공릉(서울과학기술대),7호선
다사62755900,962875,1959125,공릉(서울과학기술대),7호선
다사62756225,962875,1962375,상계,4호선
다사62756300,962875,1963125,불암산,4호선
다사62756325,962875,1963375,불암산,4호선
다사62756350,962875,1963625,불암산,4호선
다사62756375,962875,1963875,불암산,4호선
다사63004225,963125,1942375,일원,3호선
다사63004250,963125,1942625,일원,3호선
다사63004275,963125,1942875,일원,3호선
다사63004300,963125,1943125,일원,3호선
다사63004350,963125,1943625,대청,3호선
다사63004375,963125,1943875,대청,3호선
다사63004400,963125,1944125,대청,3호선
다사63004475,963125,1944875,삼전,9호선(연장)
다사63004500,963125,1945125,삼전,9호선(연장)
다사63004800,963125,1948125,구의(광진구청),2호선
다사63004825,963125,1948375,구의(광진구청),2호선
다사63004850,963125,1948625,구의(광진구청),2호선
다사63004875,963125,1948875,구의(광진구청),2호선
다사63004900,963125,1949125,구의(광진구청),2호선
다사63004925,963125,1949375,구의(광진구청),2호선
다사63004950,963125,1949625,어린이대공원(세종대),7호선
다사63005075,963125,1950875,군자(능동),7호선
다사63005100,963125,1951125,군자(능동),7호선
다사63005175,963125,1951875,중곡,7호선
다사63005275,963125,1952875,용마산,7호선
다사63005350,963125,1953625,사가정,7호선
다사63005425,963125,1954375,면목,7호선
다사63005600,963125,1956125,중화,7호선
다사63005700,963125,1957125,먹골,7호선
다사63005825,963125,1958375,화랑대(서울여대입구),6호선
다사63005850,963125,1958625,화랑대(서울여대입구),6호선
다사63006300,963125,1963125,불암산,4호선
다사63006325,963125,1963375,불암산,4호선
다사63006350,963125,1963625,불암산,4호선
다사63254275,963375,1942875,일원,3호선
다사63254300,963375,1943125,일원,3호선
다사63254350,963375,1943625,대청,3호선
다사63254375,963375,1943875,대청,3호선
다사63254400,963375,1944125,대청,3호선
다사63254450,963375,1944625,삼전,9호선(연장)
다사63254475,963375,1944875,삼전,9호선(연장)
다사63254600,963375,1946125,잠실새내,2호선
다사63254625,963375,1946375,잠실새내,2호선
다사63254800,963375,1948125,구의(광진구청),2호선
다사63254825,963375,1948375,구의(광진구청),2호선
다사63254850,963375,1948625,구의(광진구청),2호선
다사63254875,963375,1948875,구의(광진구청),2호선
다사63254900,963375,1949125,구의(광진구청),2호선
다사63254925,963375,1949375,구의(광진구청),2호선
다사63255100,963375,1951125,군자(능동),7호선
다사63255150,963375,1951625,중곡,7호선
다사63255175,963375,1951875,중곡,7호선
다사63255350,963375,1953625,사가정,7호선
다사63255425,963375,1954375,면목,7호선
다사63255825,963375,1958375,화랑대(서울여대입구),6호선
다사63255850,963375,1958625,화랑대(서울여대입구),6호선
다사63256350,963375,1963625,불암산,4호선
다사63256375,963375,1963875,불암산,4호선
다사63504200,963625,1942125,일원,3호선
다사63504275,963625,1942875,일원,3호선
다사63504325,963625,1943375,일원,3호선
다사63504375,963625,1943875,대청,3호선
다사63504450,963625,1944625,삼전,9호선(연장)
다사63504600,963625,1946125,잠실새내,2호선
다사63504625,963625,1946375,잠실새내,2호선
다사63504900,963625,1949125,구의(광진구청),2호선
다사63504925,963625,1949375,구의(광진구청),2호선
다사63504950,963625,1949625,아차산(어린이대공원후문),5호선
다사63504975,963625,1949875,아차산(어린이대공원후문),5호선
다사63505000,963625,1950125,아차산(어린이대공원후문),5호선
다사63505050,963625,1950625,아차산(어린이대공원후문),5호선
다사63505100,963625,1951125,아차산(어린이대공원후문),5호선
다사63505125,963625,1951375,중곡,7호선
다사63505150,963625,1951625,중곡,7호선
다사63505175,963625,1951875,중곡,7호선
다사63505350,963625,1953625,사가정,7호선
다사63505825,963625,1958375,화랑대(서울여대입구),6호선
다사63505850,963625,1958625,화랑대(서울여대입구),6호선
다사63754225,963875,1942375,일원,3호선
다사63754250,963875,1942625,일원,3호선
다사63754275,963875,1942875,일원,3호선
다사63754600,963875,1946125,잠실새내,2호선
다사63754625,963875,1946375,잠실새내,2호선
다사63754925,963875,1949375,구의(광진구청),2호선
다사63754950,963875,1949625,아차산(어린이대공원후문),5호선
다사63754975,963875,1949875,아차산(어린이대공원후문),5호선
다사63755000,963875,1950125,아차산(어린이대공원후문),5호선
다사63755050,963875,1950625,아차산(어린이대공원후문),5호선
다사63755075,963875,1950875,아차산(어린이대공원후문),5호선
다사63755100,963875,1951125,아차산(어린이대공원후문),5호선
다사63755350,963875,1953625,사가정,7호선
다사63755425,963875,1954375,면목,7호선
다사63755450,963875,1954625,면목,7호선
다사63755600,963875,1956125,망우,중앙선
다사64004275,964125,1942875,수서,3호선
다사64004325,964125,1943375,수서,3호선
다사64004425,964125,1944375,석촌고분,9호선(연장)
다사64004575,964125,1945875,잠실새내,2호선
다사64004900,964125,1949125,강변(동서울터미널),2호선
다사64005000,964125,1950125,아차산(어린이대공원후문),5호선
다사64005050,964125,1950625,아차산(어린이대공원후문),5호선
다사64005075,964125,1950875,아차산(어린이대공원후문),5호선
다사64005325,964125,1953375,사가정,7호선
다사64005350,964125,1953625,사가정,7호선
다사64005425,964125,1954375,면목,7호선
다사64005450,964125,1954625,면목,7호선
다사64005550,964125,1955625,망우,중앙선
다사64005575,964125,1955875,망우,중앙선
다사64005600,964125,1956125,망우,중앙선
다사64005625,964125,1956375,망우,중앙선
다사64005725,964125,1957375,봉화산(서울의료원),6호선
다사64005825,964125,1958375,봉화산(서울의료원),6호선
다사64254250,964375,1942625,수서,3호선
다사64254275,964375,1942875,수서,3호선
다사64254300,964375,1943125,수서,3호선
다사64254325,964375,1943375,수서,3호선
다사64254425,964375,1944375,석촌고분,9호선(연장)
다사64254450,964375,1944625,석촌고분,9호선(연장)
다사64254475,964375,1944875,석촌고분,9호선(연장)
다사64254525,964375,1945375,석촌고분,9호선(연장)
다사64254550,964375,1945625,석촌고분,9호선(연장)
다사64254575,964375,1945875,잠실(송파구청),8호선
다사64254625,964375,1946375,잠실(송파구청),8호선
다사64254800,964375,1948125,강변(동서울터미널),2호선
다사64254850,964375,1948625,강변(동서울터미널),2호선
다사64254875,964375,1948875,강변(동서울터미널),2호선
다사64255025,964375,1950375,아차산(어린이대공원후문),5호선
다사64255050,964375,1950625,아차산(어린이대공원후문),5호선
다사64255350,964375,1953625,사가정,7호선
다사64255375,964375,1953875,사가정,7호선
다사64255425,964375,1954375,면목,7호선
다사64255500,964375,1955125,망우,중앙선
다사64255525,964375,1955375,망우,중앙선
다사64255550,964375,1955625,망우,중앙선
다사64255575,964375,1955875,망우,중앙선
다사64255600,964375,1956125,망우,중앙선
다사64255650,964375,1956625,신내,6호선
다사64255675,964375,1956875,신내,6호선
다사64255800,964375,1958125,봉화산(서울의료원),6호선
다사64504250,964625,1942625,수서,3호선
다사64504275,964625,1942875,수서,3호선
다사64504300,964625,1943125,수서,3호선
다사64504325,964625,1943375,수서,3호선
다사64504350,964625,1943625,수서,3호선
다사64504400,964625,1944125,석촌고분,9호선(연장)
다사64504425,964625,1944375,석촌고분,9호선(연장)
다사64504450,964625,1944625,석촌고분,9호선(연장)
다사64504575,964625,1945875,잠실(송파구청),8호선
다사64504600,964625,1946125,잠실(송파구청),8호선
다사64504775,964625,1947875,강변(동서울터미널),2호선
다사64504875,964625,1948875,강변(동서울터미널),2호선
다사64504925,964625,1949375,광나루(장신대),5호선
다사64504950,964625,1949625,광나루(장신대),5호선
다사64505000,964625,1950125,광나루(장신대),5호선
다사64505525,964625,1955375,망우,중앙선
다사64505550,964625,1955625,망우,중앙선
다사64505575,964625,1955875,망우,중앙선
다사64505625,964625,1956375,양원,중앙선
다사64505675,964625,1956875,신내,6호선
다사64505700,964625,1957125,신내,6호선
다사64754250,964875,1942625,수서,3호선
다사64754325,964875,1943375,수서,3호선
다사64754350,964875,1943625,수서,3호선
다사64754375,964875,1943875,수서,3호선
다사64754425,964875,1944375,석촌고분,9호선(연장)
다사64754700,964875,1947125,잠실나루,2호선
다사64754825,964875,1948375,강변(동서울터미널),2호선
다사64754900,964875,1949125,광나루(장신대),5호선
다사64754925,964875,1949375,광나루(장신대),5호선
다사64754950,964875,1949625,광나루(장신대),5호선
다사64755000,964875,1950125,광나루(장신대),5호선
다사64755575,964875,1955875,양원,중앙선
다사64755600,964875,1956125,양원,중앙선
다사64755700,964875,1957125,신내,6호선
다사64755725,964875,1957375,신내,6호선
다사64755750,964875,1957625,신내,6호선
다사65004275,965125,1942875,수서,3호선
다사65004300,965125,1943125,수서,3호선
다사65004325,965125,1943375,수서,3호선
다사65004375,965125,1943875,수서,3호선
다사65004725,965125,1947375,잠실나루,2호선
다사65004925,965125,1949375,광나루(장신대),5호선
다사65004950,965125,1949625,광나루(장신대),5호선
다사65004975,965125,1949875,광나루(장신대),5호선
다사65005000,965125,1950125,광나루(장신대),5호선
다사65005575,965125,1955875,양원,중앙선
다사65005600,965125,1956125,양원,중앙선
다사65005625,965125,1956375,양원,중앙선
다사65005725,965125,1957375,신내,6호선
다사65005750,965125,1957625,신내,6호선
다사65005775,965125,1957875,신내,6호선
다사65254325,965375,1943375,수서,3호선
다사65254350,965375,1943625,수서,3호선
다사65254375,965375,1943875,송파,8호선
다사65254400,965375,1944125,송파,8호선
다사65254725,965375,1947375,잠실나루,2호선
다사65254925,965375,1949375,광나루(장신대),5호선
다사65254950,965375,1949625,광나루(장신대),5호선
다사65254975,965375,1949875,광나루(장신대),5호선
다사65255000,965375,1950125,광나루(장신대),5호선
다사65255575,965375,1955875,양원,중앙선
다사65255600,965375,1956125,양원,중앙선
다사65255625,965375,1956375,양원,중앙선
다사65255725,965375,1957375,신내,6호선
다사65255750,965375,1957625,신내,6호선
다사65504325,965625,1943375,가락시장,3호선
다사65504350,965625,1943625,가락시장,3호선
다사65504725,965625,1947375,잠실나루,2호선
다사65504975,965625,1949875,광나루(장신대),5호선
다사65505650,965625,1956625,양원,중앙선
다사65505725,965625,1957375,신내,6호선
다사65754275,965875,1942875,문정,8호선
다사65754325,965875,1943375,가락시장,3호선
다사65754450,965875,1944625,송파,8호선
다사65754750,965875,1947625,강동구청,8호선
다사65754775,965875,1947875,강동구청,8호선
다사65754800,965875,1948125,강동구청,8호선
다사65755650,965875,1956625,양원,중앙선
다사65755675,965875,1956875,양원,중앙선
다사66004250,966125,1942625,문정,8호선
다사66004275,966125,1942875,문정,8호선
다사66004450,966125,1944625,송파,8호선
다사66004475,966125,1944875,송파,8호선
다사66004525,966125,1945375,송파나루,9호선(연장)
다사66004750,966125,1947625,강동구청,8호선
다사66004775,966125,1947875,강동구청,8호선
다사66004800,966125,1948125,강동구청,8호선
다사66004875,966125,1948875,천호(풍납토성),5호선
다사66004900,966125,1949125,천호(풍납토성),5호선
다사66254075,966375,1940875,복정,8호선
다사66254100,966375,1941125,복정,8호선
다사66254275,966375,1942875,문정,8호선
다사66254500,966375,1945125,방이,5호선
다사66254750,966375,1947625,강동구청,8호선
다사66254775,966375,1947875,강동구청,8호선
다사66254800,966375,1948125,강동구청,8호선
다사66254875,966375,1948875,천호(풍납토성),5호선
다사66254900,966375,1949125,천호(풍납토성),5호선
다사66504200,966625,1942125,장지,8호선
다사66504550,966625,1945625,방이,5호선
다사66504750,966625,1947625,강동구청,8호선
다사66504775,966625,1947875,강동구청,8호선
다사66504875,966625,1948875,천호(풍납토성),5호선
다사66504900,966625,1949125,천호(풍납토성),5호선
다사66504925,966625,1949375,천호(풍납토성),5호선
다사66504975,966625,1949875,암사,8호선
다사66505000,966625,1950125,암사,8호선
다사66754125,966875,1941375,복정,8호선
다사66754300,966875,1943125,문정,8호선
다사66754550,966875,1945625,방이,5호선
다사66754750,966875,1947625,강동구청,8호선
다사66754775,966875,1947875,강동구청,8호선
다사66754900,966875,1949125,천호(풍납토성),5호선
다사66754925,966875,1949375,천호(풍납토성),5호선
다사66754975,966875,1949875,암사,8호선
다사66755000,966875,1950125,암사,8호선
다사66755025,966875,1950375,암사,8호선
다사66755050,966875,1950625,암사,8호선
다사67004050,967125,1940625,복정,8호선
다사67004075,967125,1940875,복정,8호선
다사67004225,967125,1942375,장지,8호선
다사67004300,967125,1943125,문정,8호선
다사67004325,967125,1943375,문정,8호선
다사67004725,967125,1947375,둔촌동,5호선
다사67004950,967125,1949625,암사,8호선
다사67004975,967125,1949875,암사,8호선
다사67005000,967125,1950125,암사,8호선
다사67005025,967125,1950375,암사,8호선
다사67005050,967125,1950625,암사,8호선
다사67254075,967375,1940875,복정,8호선
다사67254100,967375,1941125,복정,8호선
다사67254200,967375,1942125,장지,8호선
다사67254225,967375,1942375,장지,8호선
다사67254250,967375,1942625,장지,8호선
다사67254300,967375,1943125,문정,8호선
다사67254350,967375,1943625,경찰병원,3호선
다사67254725,967375,1947375,둔촌동,5호선
다사67254750,967375,1947625,둔촌동,5호선
다사67254825,967375,1948375,강동,5호선
다사67254950,967375,1949625,암사,8호선
다사67254975,967375,1949875,암사,8호선
다사67255000,967375,1950125,암사,8호선
다사67255100,967375,1951125,암사역사공원,8호선
다사67504125,967625,1941375,복정,8호선
다사67504150,967625,1941625,복정,8호선
다사67504175,967625,1941875,장지,8호선
다사67504200,967625,1942125,장지,8호선
다사67504225,967625,1942375,장지,8호선
다사67504250,967625,1942625,장지,8호선
다사67504350,967625,1943625,개롱,5호선
다사67504375,967625,1943875,개롱,5호선
다사67504400,967625,1944125,개롱,5호선
다사67504550,967625,1945625,방이,5호선
다사67504750,967625,1947625,둔촌동,5호선
다사67504950,967625,1949625,암사,8호선
다사67504975,967625,1949875,암사,8호선
다사67505000,967625,1950125,암사,8호선
다사67505075,967625,1950875,암사역사공원,8호선
다사67505125,967625,1951375,암사역사공원,8호선
다사67505150,967625,1951625,암사역사공원,8호선
다사67754425,967875,1944375,개롱,5호선
다사67754575,967875,1945875,올림픽공원(한국체대),9호선(연장)
다사67754750,967875,1947625,둔촌동,5호선
다사67754950,967875,1949625,굽은다리(강동구민회관앞),5호선
다사67755075,967875,1950875,암사역사공원,8호선
다사67755125,967875,1951375,암사역사공원,8호선
다사68004475,968125,1944875,개롱,5호선
다사68004650,968125,1946625,둔촌오륜,9호선(연장)
다사68004675,968125,1946875,둔촌오륜,9호선(연장)
다사68004750,968125,1947625,둔촌동,5호선
다사68004775,968125,1947875,둔촌동,5호선
다사68005125,968125,1951375,암사역사공원,8호선
다사68254350,968375,1943625,거여,5호선
다사68254375,968375,1943875,거여,5호선
다사68254450,968375,1944625,개롱,5호선
다사68254600,968375,1946125,둔촌오륜,9호선(연장)
다사68254650,968375,1946625,둔촌오륜,9호선(연장)
다사68254675,968375,1946875,둔촌오륜,9호선(연장)
다사68254825,968375,1948375,길동,5호선
다사68254850,968375,1948625,길동,5호선
다사68504325,968625,1943375,거여,5호선
다사68504625,968625,1946375,둔촌오륜,9호선(연장)
다사68504650,968625,1946625,둔촌오륜,9호선(연장)
다사68504675,968625,1946875,둔촌오륜,9호선(연장)
다사68504725,968625,1947375,중앙보훈병원,9호선(연장)
다사68504850,968625,1948625,길동,5호선
다사68505100,968625,1951125,암사역사공원,8호선
다사68754300,968875,1943125,거여,5호선
다사68754450,968875,1944625,마천,5호선
다사68754725,968875,1947375,중앙보훈병원,9호선(연장)
다사68754775,968875,1947875,중앙보훈병원,9호선(연장)
다사68754800,968875,1948125,중앙보훈병원,9호선(연장)
다사68754850,968875,1948625,길동,5호선
다사68754875,968875,1948875,길동,5호선
다사68754925,968875,1949375,굽은다리(강동구민회관앞),5호선
다사68755100,968875,1951125,고덕,5호선
다사69004425,969125,1944375,마천,5호선
다사69004450,969125,1944625,마천,5호선
다사69005100,969125,1951125,고덕,5호선
다사69005125,969125,1951375,고덕,5호선
다사69254350,969375,1943625,마천,5호선
다사69254375,969375,1943875,마천,5호선
다사69254400,969375,1944125,마천,5호선
다사69254425,969375,1944375,마천,5호선
다사69254450,969375,1944625,마천,5호선
다사69255000,969375,1950125,고덕,5호선
다사69255025,969375,1950375,고덕,5호선
다사69255050,969375,1950625,고덕,5호선
다사69255075,969375,1950875,고덕,5호선
다사69255100,969375,1951125,고덕,5호선
다사69255125,969375,1951375,고덕,5호선
다사69504325,969625,1943375,마천,5호선
다사69504375,969625,1943875,마천,5호선
다사69504400,969625,1944125,마천,5호선
다사69504725,969625,1947375,중앙보훈병원,9호선(연장)
다사69505000,969625,1950125,고덕,5호선
다사69505025,969625,1950375,고덕,5호선
다사69505050,969625,1950625,고덕,5호선
다사69505075,969625,1950875,고덕,5호선
다사69505100,969625,1951125,고덕,5호선
다사69505125,969625,1951375,고덕,5호선
다사69754350,969875,1943625,마천,5호선
다사69754375,969875,1943875,마천,5호선
다사69754400,969875,1944125,마천,5호선
다사69754425,969875,1944375,마천,5호선
다사70005100,970125,1951125,상일동,5호선
다사70005125,970125,1951375,상일동,5호선
다사70255075,970375,1950875,상일동,5호선
다사70255100,970375,1951125,상일동,5호선
다사70255150,970375,1951625,상일동,5호선
다사70505000,970625,1950125,상일동,5호선
다사70505025,970625,1950375,상일동,5호선
다사70505050,970625,1950625,상일동,5호선
다사70505125,970625,1951375,상일동,5호선
다사70505150,970625,1951625,상일동,5호선
다사71255025,971375,1950375,강일,5호선
다사71255050,971375,1950625,강일,5호선
다사71255075,971375,1950875,강일,5호선
다사71255100,971375,1951125,강일,5호선
다사71255125,971375,1951375,강일,5호선
다사71255150,971375,1951625,강일,5호선
다사71505050,971625,1950625,강일,5호선
다사71505075,971625,1950875,강일,5호선
다사71505100,971625,1951125,강일,5호선
다사71505125,971625,1951375,강일,5호선
다사71505150,971625,1951625,강일,5호선
다사71755025,971875,1950375,강일,5호선
다사71755050,971875,1950625,강일,5호선
다사71755075,971875,1950875,강일,5호선
다사71755100,971875,1951125,강일,5호선
다사71755125,971875,1951375,강일,5호선
다사72005075,972125,1950875,강일,5호선
다사72005100,972125,1951125,강일,5호선
다사38255150,938375,1951625,김포공항,5호선
다사38255175,938375,1951875,김포공항,5호선
다사38255200,938375,1952125,김포공항,5호선
다사38255300,938375,1953125,개화산,5호선
다사38255325,938375,1953375,개화,9호선
다사38505100,938625,1951125,김포공항,5호선
다사38505200,938625,1952125,김포공항,5호선
다사38755100,938875,1951125,송정,5호선
다사38755125,938875,1951375,송정,5호선
다사38755150,938875,1951625,공항시장,9호선
다사38755175,938875,1951875,공항시장,9호선
다사38755200,938875,1952125,공항시장,9호선
다사38755225,938875,1952375,개화산,5호선
다사38755275,938875,1952875,개화산,5호선
다사39005100,939125,1951125,송정,5호선
다사39005125,939125,1951375,송정,5호선
다사39005150,939125,1951625,송정,5호선
다사39005175,939125,1951875,공항시장,9호선
다사39005200,939125,1952125,공항시장,9호선
다사39005225,939125,1952375,신방화,9호선
다사39005250,939125,1952625,개화산,5호선
다사39005275,939125,1952875,개화산,5호선
다사39005300,939125,1953125,방화,5호선
다사39005325,939125,1953375,방화,5호선
다사39255100,939375,1951125,송정,5호선
다사39255125,939375,1951375,송정,5호선
다사39255150,939375,1951625,송정,5호선
다사39255175,939375,1951875,공항시장,9호선
다사39255200,939375,1952125,신방화,9호선
다사39255225,939375,1952375,신방화,9호선
다사39255250,939375,1952625,신방화,9호선
다사39255275,939375,1952875,방화,5호선
다사39255300,939375,1953125,방화,5호선
다사39505150,939625,1951625,송정,5호선
다사39505175,939625,1951875,신방화,9호선
다사39505200,939625,1952125,신방화,9호선
다사39505225,939625,1952375,신방화,9호선
다사39505250,939625,1952625,신방화,9호선
다사39505275,939625,1952875,방화,5호선
다사39755100,939875,1951125,마곡,5호선
다사39755125,939875,1951375,마곡,5호선
다사39755150,939875,1951625,마곡,5호선
다사39755175,939875,1951875,신방화,9호선
다사39755200,939875,1952125,신방화,9호선
다사39755225,939875,1952375,신방화,9호선
다사39755275,939875,1952875,신방화,9호선
다사40005150,940125,1951625,마곡,5호선
다사40005225,940125,1952375,신방화,9호선
다사40005250,940125,1952625,신방화,9호선
다사40255150,940375,1951625,마곡,5호선
다사40255200,940375,1952125,마곡나루,9호선
다사40255225,940375,1952375,마곡나루,9호선
다사40505125,940625,1951375,마곡,5호선
다사40505150,940625,1951625,마곡,5호선
다사40505175,940625,1951875,마곡나루,9호선
다사40505200,940625,1952125,마곡나루,9호선
다사40754350,940875,1943625,온수(성공회대입구),7호선
다사40755075,940875,1950875,마곡,5호선
다사40755100,940875,1951125,마곡,5호선
다사40755125,940875,1951375,마곡,5호선
다사40755150,940875,1951625,마곡,5호선
다사41004950,941125,1949625,우장산,5호선
다사41005050,941125,1950625,우장산,5호선
다사41005100,941125,1951125,발산,5호선
다사41005125,941125,1951375,발산,5호선
다사41005150,941125,1951625,발산,5호선
다사41254375,941375,1943875,천왕,7호선
다사41254925,941375,1949375,화곡,5호선
다사41254950,941375,1949625,화곡,5호선
다사41254975,941375,1949875,우장산,5호선
다사41255050,941375,1950625,우장산,5호선
다사41255075,941375,1950875,발산,5호선
다사41255175,941375,1951875,양천향교,9호선
다사41255200,941375,1952125,양천향교,9호선
다사41504350,941625,1943625,천왕,7호선
다사41504375,941625,1943875,오류동,경인선
다사41504850,941625,1948625,화곡,5호선
다사41504950,941625,1949625,화곡,5호선
다사41504975,941625,1949875,우장산,5호선
다사41505000,941625,1950125,우장산,5호선
다사41505050,941625,1950625,우장산,5호선
다사41505075,941625,1950875,발산,5호선
다사41505150,941625,1951625,발산,5호선
다사41505175,941625,1951875,양천향교,9호선
다사41754350,941875,1943625,천왕,7호선
다사41754375,941875,1943875,오류동,경인선
다사41754850,941875,1948625,까치산,5호선
다사41754875,941875,1948875,화곡,5호선
다사41754950,941875,1949625,화곡,5호선
다사41754975,941875,1949875,화곡,5호선
다사41755150,941875,1951625,발산,5호선
다사41755175,941875,1951875,양천향교,9호선
다사42004350,942125,1943625,오류동,경인선
다사42004975,942125,1949875,화곡,5호선
다사42005150,942125,1951625,발산,5호선
다사42254725,942375,1947375,신정네거리,2호선
다사42254750,942375,1947625,까치산,5호선
다사42254875,942375,1948875,까치산,5호선
다사42255175,942375,1951875,양천향교,9호선
다사42504400,942625,1944125,오류동,경인선
다사42504675,942625,1946875,신정네거리,2호선
다사42504700,942625,1947125,신정네거리,2호선
다사42504725,942625,1947375,신정네거리,2호선
다사42504750,942625,1947625,신정(은행정),5호선
다사42504775,942625,1947875,까치산,5호선
다사42504800,942625,1948125,까치산,5호선
다사42754375,942875,1943875,개봉,경인선
다사42754400,942875,1944125,개봉,경인선
다사42754425,942875,1944375,개봉,경인선
다사42754675,942875,1946875,신정네거리,2호선
다사42754700,942875,1947125,신정네거리,2호선
다사42754725,942875,1947375,신정(은행정),5호선
다사42754750,942875,1947625,신정(은행정),5호선
다사42754775,942875,1947875,신정(은행정),5호선
다사42754800,942875,1948125,까치산,5호선
다사42755075,942875,1950875,가양,9호선
다사42755100,942875,1951125,가양,9호선
다사43004675,943125,1946875,신정네거리,2호선
다사43004700,943125,1947125,신정네거리,2호선
다사43004725,943125,1947375,신정(은행정),5호선
다사43004750,943125,1947625,신정(은행정),5호선
다사43005075,943125,1950875,증미,9호선
다사43005100,943125,1951125,가양,9호선
다사43005125,943125,1951375,가양,9호선
다사43005150,943125,1951625,가양,9호선
다사43254675,943375,1946875,신정네거리,2호선
다사43254700,943375,1947125,신정(은행정),5호선
다사43254725,943375,1947375,신정(은행정),5호선
다사43254750,943375,1947625,신정(은행정),5호선
다사43254775,943375,1947875,신정(은행정),5호선
다사43254800,943375,1948125,신정(은행정),5호선
다사43255025,943375,1950375,등촌,9호선
다사43255050,943375,1950625,증미,9호선
다사43255075,943375,1950875,증미,9호선
다사43255100,943375,1951125,증미,9호선
다사43255125,943375,1951375,증미,9호선
다사43255150,943375,1951625,가양,9호선
다사43504400,943625,1944125,개봉,경인선
다사43504425,943625,1944375,개봉,경인선
다사43504700,943625,1947125,목동,5호선
다사43504725,943625,1947375,목동,5호선
다사43504750,943625,1947625,목동,5호선
다사43504775,943625,1947875,목동,5호선
다사43505025,943625,1950375,등촌,9호선
다사43505050,943625,1950625,등촌,9호선
다사43505075,943625,1950875,증미,9호선
다사43505100,943625,1951125,증미,9호선
다사43505125,943625,1951375,증미,9호선
다사43505150,943625,1951625,증미,9호선
다사43754375,943875,1943875,개봉,경인선
다사43754400,943875,1944125,개봉,경인선
다사43754425,943875,1944375,구일,경인선
다사43754450,943875,1944625,구일,경인선
다사43754725,943875,1947375,목동,5호선
다사43754750,943875,1947625,목동,5호선
다사43755025,943875,1950375,등촌,9호선
다사43755050,943875,1950625,등촌,9호선
다사43755075,943875,1950875,증미,9호선
다사43755100,943875,1951125,증미,9호선
다사44004375,944125,1943875,구일,경인선
다사44004425,944125,1944375,구일,경인선
다사44004725,944125,1947375,목동,5호선
다사44004750,944125,1947625,목동,5호선
다사44004950,944125,1949625,염창,9호선
다사44004975,944125,1949875,등촌,9호선
다사44005000,944125,1950125,등촌,9호선
다사44005050,944125,1950625,등촌,9호선
다사44005075,944125,1950875,증미,9호선
다사44254700,944375,1947125,오목교(목동운동장앞),5호선
다사44254725,944375,1947375,오목교(목동운동장앞),5호선
다사44254750,944375,1947625,오목교(목동운동장앞),5호선
다사44254775,944375,1947875,목동,5호선
다사44254975,944375,1949875,염창,9호선
다사44255000,944375,1950125,등촌,9호선
다사44255025,944375,1950375,등촌,9호선
다사44255075,944375,1950875,등촌,9호선
다사44504475,944625,1944875,구일,경인선
다사44504725,944625,1947375,오목교(목동운동장앞),5호선
다사44504750,944625,1947625,오목교(목동운동장앞),5호선
다사44504975,944625,1949875,염창,9호선
다사44505000,944625,1950125,염창,9호선
다사44505025,944625,1950375,염창,9호선
다사44505050,944625,1950625,등촌,9호선
다사44754450,944875,1944625,구일,경인선
다사44754475,944875,1944875,구로,경부선
다사44754900,944875,1949125,염창,9호선
다사44754950,944875,1949625,염창,9호선
다사44754975,944875,1949875,염창,9호선
다사45004275,945125,1942875,가산디지털단지,7호선
다사45004300,945125,1943125,가산디지털단지,7호선
다사45004425,945125,1944375,구로,경부선
다사45004450,945125,1944625,구로,경부선
다사45004550,945125,1945625,구로,경부선
다사45004775,945125,1947875,오목교(목동운동장앞),5호선
다사45254250,945375,1942625,가산디지털단지,7호선
다사45254275,945375,1942875,가산디지털단지,7호선
다사45254300,945375,1943125,남구로,7호선
다사45254550,945375,1945625,구로,경부선
다사45254700,945375,1947125,양평,5호선
다사45254725,945375,1947375,양평,5호선
다사45254950,945375,1949625,신목동,9호선
다사45504250,945625,1942625,가산디지털단지,7호선
다사45504275,945625,1942875,남구로,7호선
다사45504300,945625,1943125,남구로,7호선
다사45504500,945625,1945125,구로,경부선
다사45504525,945625,1945375,구로,경부선
다사45504550,945625,1945625,신도림,2호선
다사45504575,945625,1945875,도림천,2호선
다사45504600,945625,1946125,도림천,2호선
다사45504675,945625,1946875,도림천,2호선
다사45504875,945625,1948875,신목동,9호선
다사45754225,945875,1942375,가산디지털단지,7호선
다사45754250,945875,1942625,가산디지털단지,7호선
다사45754275,945875,1942875,남구로,7호선
다사45754300,945875,1943125,남구로,7호선
다사45754350,945875,1943625,남구로,7호선
다사45754375,945875,1943875,대림(구로구청),2호선
다사45754500,945875,1945125,구로,경부선
다사45754525,945875,1945375,신도림,2호선
다사45754550,945875,1945625,신도림,2호선
다사45754575,945875,1945875,신도림,2호선
다사45754625,945875,1946375,도림천,2호선
다사45754650,945875,1946625,도림천,2호선
다사45754675,945875,1946875,문래,2호선
다사45754700,945875,1947125,양평,5호선
다사45754725,945875,1947375,양평,5호선
다사45754750,945875,1947625,양평,5호선
다사46004025,946125,1940375,독산,경부선
다사46004250,946125,1942625,남구로,7호선
다사46004275,946125,1942875,남구로,7호선
다사46004325,946125,1943375,남구로,7호선
다사46004350,946125,1943625,대림(구로구청),2호선
다사46004375,946125,1943875,대림(구로구청),2호선
다사46004500,946125,1945125,신도림,2호선
다사46004600,946125,1946125,신도림,2호선
다사46004625,946125,1946375,문래,2호선
다사46004650,946125,1946625,문래,2호선
다사46004675,946125,1946875,문래,2호선
다사46004700,946125,1947125,영등포구청,5호선
다사46004725,946125,1947375,양평,5호선
다사46004750,946125,1947625,양평,5호선
다사46004900,946125,1949125,선유도,9호선
다사46004925,946125,1949375,선유도,9호선
다사46004950,946125,1949625,신목동,9호선
다사46254025,946375,1940375,금천구청,경부선
다사46254275,946375,1942875,남구로,7호선
다사46254300,946375,1943125,남구로,7호선
다사46254325,946375,1943375,남구로,7호선
다사46254350,946375,1943625,대림(구로구청),2호선
다사46254600,946375,1946125,신도림,2호선
다사46254625,946375,1946375,문래,2호선
다사46254650,946375,1946625,문래,2호선
다사46254675,946375,1946875,문래,2호선
다사46254700,946375,1947125,영등포구청,5호선
다사46254725,946375,1947375,영등포구청,5호선
다사46254750,946375,1947625,영등포구청,5호선
다사46254775,946375,1947875,영등포구청,5호선
다사46254800,946375,1948125,영등포구청,5호선
다사46255300,946375,1953125,수색,경의중앙선
다사46504300,946625,1943125,구로디지털단지,2호선
다사46504325,946625,1943375,구로디지털단지,2호선
다사46504350,946625,1943625,대림(구로구청),2호선
다사46504600,946625,1946125,문래,2호선
다사46504675,946625,1946875,문래,2호선
다사46504700,946625,1947125,영등포구청,5호선
다사46504725,946625,1947375,영등포구청,5호선
다사46504800,946625,1948125,영등포구청,5호선
다사46504825,946625,1948375,선유도,9호선
다사46504850,946625,1948625,선유도,9호선
다사46504875,946625,1948875,선유도,9호선
다사46505200,946625,1952125,월드컵경기장(성산),6호선
다사46505250,946625,1952625,월드컵경기장(성산),6호선
다사46505275,946625,1952875,월드컵경기장(성산),6호선
다사46505300,946625,1953125,디지털미디어시티,6호선
다사46505325,946625,1953375,수색,경의중앙선
다사46505350,946625,1953625,수색,경의중앙선
다사46754325,946875,1943375,구로디지털단지,2호선
다사46754350,946875,1943625,대림(구로구청),2호선
다사46754675,946875,1946875,문래,2호선
다사46754700,946875,1947125,영등포구청,5호선
다사46754725,946875,1947375,영등포구청,5호선
다사46754750,946875,1947625,영등포구청,5호선
다사46754775,946875,1947875,영등포구청,5호선
다사46754825,946875,1948375,당산,2호선
다사46754850,946875,1948625,당산,2호선
다사46754875,946875,1948875,선유도,9호선
다사46755175,946875,1951875,마포구청,6호선
다사46755300,946875,1953125,디지털미디어시티,6호선
다사46755325,946875,1953375,디지털미디어시티,6호선
다사46755350,946875,1953625,수색,경의중앙선
다사46755375,946875,1953875,수색,경의중앙선
다사47004350,947125,1943625,구로디지털단지,2호선
다사47004425,947125,1944375,대림(구로구청),2호선
다사47004650,947125,1946625,영등포,경부선
다사47004675,947125,1946875,영등포시장,5호선
다사47004700,947125,1947125,영등포시장,5호선
다사47004725,947125,1947375,영등포시장,5호선
다사47004750,947125,1947625,영등포시장,5호선
다사47004775,947125,1947875,당산,2호선
다사47004850,947125,1948625,당산,2호선
다사47004875,947125,1948875,당산,2호선
다사47004900,947125,1949125,당산,2호선
다사47005100,947125,1951125,마포구청,6호선
다사47005175,947125,1951875,마포구청,6호선
다사47005200,947125,1952125,월드컵경기장(성산),6호선
다사47005225,947125,1952375,월드컵경기장(성산),6호선
다사47005250,947125,1952625,월드컵경기장(성산),6호선
다사47005275,947125,1952875,디지털미디어시티,6호선
다사47005300,947125,1953125,디지털미디어시티,6호선
다사47005325,947125,1953375,디지털미디어시티,6호선
다사47005350,947125,1953625,디지털미디어시티,6호선
다사47254300,947375,1943125,구로디지털단지,2호선
다사47254325,947375,1943375,구로디지털단지,2호선
다사47254650,947375,1946625,영등포,경부선
다사47254675,947375,1946875,영등포시장,5호선
다사47254700,947375,1947125,영등포시장,5호선
다사47254775,947375,1947875,영등포시장,5호선
다사47255100,947375,1951125,망원,6호선
다사47255125,947375,1951375,마포구청,6호선
다사47255175,947375,1951875,마포구청,6호선
다사47255200,947375,1952125,마포구청,6호선
다사47255225,947375,1952375,월드컵경기장(성산),6호선
다사47255250,947375,1952625,월드컵경기장(성산),6호선
다사47255275,947375,1952875,디지털미디어시티,6호선
다사47255350,947375,1953625,디지털미디어시티,6호선
다사47504275,947625,1942875,구로디지털단지,2호선
다사47504325,947625,1943375,신대방,2호선
다사47504350,947625,1943625,신대방,2호선
다사47504650,947625,1946625,영등포,경부선
다사47504675,947625,1946875,영등포시장,5호선
다사47504700,947625,1947125,영등포시장,5호선
다사47504775,947625,1947875,영등포시장,5호선
다사47505025,947625,1950375,망원,6호선
다사47505050,947625,1950625,망원,6호선
다사47505100,947625,1951125,망원,6호선
다사47505125,947625,1951375,마포구청,6호선
다사47505150,947625,1951625,마포구청,6호선
다사47505200,947625,1952125,마포구청,6호선
다사47505225,947625,1952375,월드컵경기장(성산),6호선
다사47505250,947625,1952625,디지털미디어시티,6호선
다사47505325,947625,1953375,디지털미디어시티,6호선
다사47505425,947625,1954375,증산(명지대앞),6호선
다사47754300,947875,1943125,신대방,2호선
다사47754375,947875,1943875,신대방,2호선
다사47754400,947875,1944125,신풍,7호선
다사47754425,947875,1944375,신풍,7호선
다사47754650,947875,1946625,영등포,경부선
다사47754675,947875,1946875,영등포,경부선
다사47754700,947875,1947125,영등포시장,5호선
다사47754750,947875,1947625,영등포시장,5호선
다사47754775,947875,1947875,국회의사당,9호선
다사47755000,947875,1950125,합정,2호선
다사47755025,947875,1950375,합정,2호선
다사47755050,947875,1950625,망원,6호선
다사47755075,947875,1950875,망원,6호선
다사47755125,947875,1951375,망원,6호선
다사47755150,947875,1951625,마포구청,6호선
다사47755200,947875,1952125,가좌,경의중앙선
다사47755275,947875,1952875,가좌,경의중앙선
다사47755325,947875,1953375,증산(명지대앞),6호선
다사47755400,947875,1954125,증산(명지대앞),6호선
다사47755425,947875,1954375,증산(명지대앞),6호선
다사47755450,947875,1954625,새절(신사),6호선
다사47755525,947875,1955375,응암,6호선
다사48004375,948125,1943875,보라매공원,신림선
다사48004400,948125,1944125,보라매공원,신림선
다사48004425,948125,1944375,신풍,7호선
다사48004450,948125,1944625,신풍,7호선
다사48004475,948125,1944875,신풍,7호선
다사48004500,948125,1945125,신풍,7호선
다사48004600,948125,1946125,영등포,경부선
다사48004625,948125,1946375,신길,경부선
다사48004650,948125,1946625,신길,경부선
다사48004675,948125,1946875,신길,경부선
다사48004700,948125,1947125,영등포시장,5호선
다사48005025,948125,1950375,합정,2호선
다사48005050,948125,1950625,망원,6호선
다사48005075,948125,1950875,망원,6호선
다사48005425,948125,1954375,새절(신사),6호선
다사48005450,948125,1954625,새절(신사),6호선
다사48005500,948125,1955125,새절(신사),6호선
다사48005525,948125,1955375,응암,6호선
다사48254375,948375,1943875,보라매공원,신림선
다사48254400,948375,1944125,보라매공원,신림선
다사48254425,948375,1944375,보라매공원,신림선
다사48254450,948375,1944625,보라매,7호선
다사48254475,948375,1944875,보라매,7호선
다사48254500,948375,1945125,보라매,7호선
다사48254575,948375,1945875,신길,경부선
다사48254600,948375,1946125,신길,경부선
다사48254625,948375,1946375,신길,경부선
다사48254650,948375,1946625,신길,경부선
다사48254725,948375,1947375,국회의사당,9호선
다사48254950,948375,1949625,합정,2호선
다사48254975,948375,1949875,합정,2호선
다사48255000,948375,1950125,합정,2호선
다사48255025,948375,1950375,합정,2호선
다사48255050,948375,1950625,합정,2호선
다사48255075,948375,1950875,망원,6호선
다사48255100,948375,1951125,망원,6호선
다사48255400,948375,1954125,증산(명지대앞),6호선
다사48255425,948375,1954375,새절(신사),6호선
다사48255475,948375,1954875,새절(신사),6호선
다사48255600,948375,1956125,응암,6호선
다사48255625,948375,1956375,역촌,6호선
다사48255650,948375,1956625,구산,6호선
다사48255675,948375,1956875,구산,6호선
다사48255725,948375,1957375,구산,6호선
다사48255750,948375,1957625,연신내,3호선
다사48504325,948625,1943375,신대방,2호선
다사48504425,948625,1944375,보라매공원,신림선
다사48504450,948625,1944625,보라매,7호선
다사48504475,948625,1944875,보라매,7호선
다사48504500,948625,1945125,서울지방병무청,신림선
다사48504525,948625,1945375,서울지방병무청,신림선
다사48504575,948625,1945875,서울지방병무청,신림선
다사48504600,948625,1946125,신길,경부선
다사48504625,948625,1946375,신길,경부선
다사48504650,948625,1946625,신길,경부선
다사48504700,948625,1947125,여의도,9호선
다사48504750,948625,1947625,국회의사당,9호선
다사48504975,948625,1949875,상수,6호선
다사48505000,948625,1950125,합정,2호선
다사48505025,948625,1950375,합정,2호선
다사48505050,948625,1950625,홍대입구,2호선
다사48505075,948625,1950875,홍대입구,2호선
다사48505100,948625,1951125,홍대입구,2호선
다사48505150,948625,1951625,가좌,경의중앙선
다사48505400,948625,1954125,증산(명지대앞),6호선
다사48505475,948625,1954875,새절(신사),6호선
다사48505500,948625,1955125,새절(신사),6호선
다사48505525,948625,1955375,응암,6호선
다사48505575,948625,1955875,응암,6호선
다사48505600,948625,1956125,역촌,6호선
다사48505625,948625,1956375,역촌,6호선
다사48505650,948625,1956625,구산,6호선
다사48505675,948625,1956875,구산,6호선
다사48505725,948625,1957375,구산,6호선
다사48505750,948625,1957625,연신내,3호선
다사48754300,948875,1943125,당곡,신림선
다사48754350,948875,1943625,보라매병원,신림선
다사48754425,948875,1944375,보라매,7호선
다사48754450,948875,1944625,보라매,7호선
다사48754475,948875,1944875,보라매,7호선
다사48754500,948875,1945125,서울지방병무청,신림선
다사48754525,948875,1945375,서울지방병무청,신림선
다사48754550,948875,1945625,서울지방병무청,신림선
다사48754575,948875,1945875,대방,경부선
다사48754600,948875,1946125,대방,경부선
다사48754625,948875,1946375,신길,경부선
다사48754675,948875,1946875,여의도,9호선
다사48754700,948875,1947125,여의도,9호선
다사48754975,948875,1949875,상수,6호선
다사48755000,948875,1950125,상수,6호선
다사48755025,948875,1950375,상수,6호선
다사48755050,948875,1950625,홍대입구,2호선
다사48755500,948875,1955125,응암,6호선
다사48755575,948875,1955875,응암,6호선
다사48755600,948875,1956125,역촌,6호선
다사48755625,948875,1956375,역촌,6호선
다사48755650,948875,1956625,역촌,6호선
다사48755675,948875,1956875,구산,6호선
다사48755700,948875,1957125,구산,6호선
다사48755725,948875,1957375,구산,6호선
다사48755750,948875,1957625,연신내,3호선
다사49004225,949125,1942375,신림,2호선
다사49004275,949125,1942875,신림,2호선
다사49004325,949125,1943375,당곡,신림선
다사49004350,949125,1943625,당곡,신림선
다사49004375,949125,1943875,보라매병원,신림선
다사49004425,949125,1944375,신대방삼거리,7호선
다사49004450,949125,1944625,신대방삼거리,7호선
다사49004475,949125,1944875,보라매,7호선
다사49004500,949125,1945125,서울지방병무청,신림선
다사49004525,949125,1945375,서울지방병무청,신림선
다사49004550,949125,1945625,서울지방병무청,신림선
다사49004575,949125,1945875,대방,경부선
다사49004600,949125,1946125,대방,경부선
다사49004625,949125,1946375,대방,경부선
다사49004675,949125,1946875,여의도,9호선
다사49004700,949125,1947125,여의도,9호선
다사49004725,949125,1947375,여의도,9호선
다사49004775,949125,1947875,국회의사당,9호선
다사49004950,949125,1949625,상수,6호선
다사49004975,949125,1949875,상수,6호선
다사49005000,949125,1950125,상수,6호선
다사49005025,949125,1950375,상수,6호선
다사49005050,949125,1950625,홍대입구,2호선
다사49005575,949125,1955875,역촌,6호선
다사49005625,949125,1956375,역촌,6호선
다사49005650,949125,1956625,역촌,6호선
다사49005675,949125,1956875,역촌,6호선
다사49005700,949125,1957125,구산,6호선
다사49005725,949125,1957375,연신내,3호선
다사49254200,949375,1942125,서원,신림선
다사49254225,949375,1942375,서원,신림선
다사49254250,949375,1942625,신림,2호선
다사49254275,949375,1942875,신림,2호선
다사49254300,949375,1943125,신림,2호선
다사49254325,949375,1943375,당곡,신림선
다사49254350,949375,1943625,당곡,신림선
다사49254375,949375,1943875,당곡,신림선
다사49254400,949375,1944125,보라매병원,신림선
다사49254425,949375,1944375,신대방삼거리,7호선
다사49254450,949375,1944625,신대방삼거리,7호선
다사49254475,949375,1944875,신대방삼거리,7호선
다사49254500,949375,1945125,서울지방병무청,신림선
다사49254575,949375,1945875,대방,경부선
다사49254600,949375,1946125,대방,경부선
다사49254650,949375,1946625,샛강,9호선
다사49254675,949375,1946875,샛강,9호선
다사49254700,949375,1947125,여의도,9호선
다사49254725,949375,1947375,여의도,9호선
다사49254750,949375,1947625,여의나루,5호선
다사49254950,949375,1949625,상수,6호선
다사49254975,949375,1949875,상수,6호선
다사49255050,949375,1950625,홍대입구,2호선
다사49255625,949375,1956375,역촌,6호선
다사49255650,949375,1956625,역촌,6호선
다사49255675,949375,1956875,불광,3호선
다사49255700,949375,1957125,불광,3호선
다사49255725,949375,1957375,불광,3호선
다사49255750,949375,1957625,연신내,3호선
다사49255775,949375,1957875,연신내,3호선
다사49255800,949375,1958125,연신내,3호선
다사49504150,949625,1941625,서울대벤처타운,신림선
다사49504175,949625,1941875,서울대벤처타운,신림선
다사49504200,949625,1942125,서원,신림선
다사49504225,949625,1942375,서원,신림선
다사49504250,949625,1942625,신림,2호선
다사49504275,949625,1942875,신림,2호선
다사49504300,949625,1943125,신림,2호선
다사49504325,949625,1943375,당곡,신림선
다사49504350,949625,1943625,당곡,신림선
다사49504375,949625,1943875,당곡,신림선
다사49504400,949625,1944125,신대방삼거리,7호선
다사49504425,949625,1944375,신대방삼거리,7호선
다사49504550,949625,1945625,대방,경부선
다사49504575,949625,1945875,대방,경부선
다사49504600,949625,1946125,대방,경부선
다사49504675,949625,1946875,샛강,9호선
다사49504700,949625,1947125,여의도,9호선
다사49504725,949625,1947375,여의나루,5호선
다사49504750,949625,1947625,여의나루,5호선
다사49504950,949625,1949625,광흥창(서강),6호선
다사49504975,949625,1949875,광흥창(서강),6호선
다사49505000,949625,1950125,광흥창(서강),6호선
다사49505075,949625,1950875,홍대입구,2호선
다사49505100,949625,1951125,홍대입구,2호선
다사49505600,949625,1956125,녹번,3호선
다사49505625,949625,1956375,불광,3호선
다사49505650,949625,1956625,불광,3호선
다사49505675,949625,1956875,불광,3호선
다사49505700,949625,1957125,불광,3호선
다사49505725,949625,1957375,불광,3호선
다사49505800,949625,1958125,독바위,6호선
다사49754175,949875,1941875,서울대벤처타운,신림선
다사49754200,949875,1942125,서원,신림선
다사49754225,949875,1942375,서원,신림선
다사49754250,949875,1942625,서원,신림선
다사49754275,949875,1942875,신림,2호선
다사49754300,949875,1943125,신림,2호선
다사49754325,949875,1943375,당곡,신림선
다사49754350,949875,1943625,당곡,신림선
다사49754400,949875,1944125,신대방삼거리,7호선
다사49754475,949875,1944875,신대방삼거리,7호선
다사49754500,949875,1945125,장승배기,7호선
다사49754550,949875,1945625,장승배기,7호선
다사49754575,949875,1945875,대방,경부선
다사49754600,949875,1946125,대방,경부선
다사49754650,949875,1946625,샛강,9호선
다사49754700,949875,1947125,여의나루,5호선
다사49754975,949875,1949875,광흥창(서강),6호선
다사49755000,949875,1950125,광흥창(서강),6호선
다사49755025,949875,1950375,서강대,경의중앙선
다사49755050,949875,1950625,서강대,경의중앙선
다사49755075,949875,1950875,신촌,2호선
다사49755100,949875,1951125,신촌,2호선
다사49755625,949875,1956375,녹번,3호선
다사49755700,949875,1957125,불광,3호선
다사49755725,949875,1957375,독바위,6호선
다사49755750,949875,1957625,독바위,6호선
다사50004150,950125,1941625,서울대벤처타운,신림선
다사50004200,950125,1942125,서원,신림선
다사50004225,950125,1942375,서원,신림선
다사50004275,950125,1942875,신림,2호선
다사50004300,950125,1943125,신림,2호선
다사50004325,950125,1943375,신림,2호선
다사50004450,950125,1944625,신대방삼거리,7호선
다사50004475,950125,1944875,장승배기,7호선
다사50004550,950125,1945625,장승배기,7호선
다사50004575,950125,1945875,노량진,9호선
다사50004600,950125,1946125,노량진,9호선
다사50004625,950125,1946375,노량진,9호선
다사50004650,950125,1946625,샛강,9호선
다사50004950,950125,1949625,광흥창(서강),6호선
다사50004975,950125,1949875,광흥창(서강),6호선
다사50005000,950125,1950125,서강대,경의중앙선
다사50005025,950125,1950375,서강대,경의중앙선
다사50005050,950125,1950625,서강대,경의중앙선
다사50005075,950125,1950875,신촌,2호선
다사50005100,950125,1951125,신촌,2호선
다사50005625,950125,1956375,녹번,3호선
다사50005650,950125,1956625,불광,3호선
다사50005700,950125,1957125,불광,3호선
다사50254100,950375,1941125,관악산(서울대),신림선
다사50254125,950375,1941375,서울대벤처타운,신림선
다사50254150,950375,1941625,서울대벤처타운,신림선
다사50254200,950375,1942125,서원,신림선
다사50254225,950375,1942375,봉천,2호선
다사50254250,950375,1942625,봉천,2호선
다사50254275,950375,1942875,봉천,2호선
다사50254550,950375,1945625,장승배기,7호선
다사50254575,950375,1945875,노량진,9호선
다사50254925,950375,1949375,대흥(서강대앞),6호선
다사50254950,950375,1949625,대흥(서강대앞),6호선
다사50254975,950375,1949875,대흥(서강대앞),6호선
다사50255000,950375,1950125,대흥(서강대앞),6호선
다사50255025,950375,1950375,서강대,경의중앙선
다사50255050,950375,1950625,신촌,2호선
다사50255075,950375,1950875,신촌,2호선
다사50255100,950375,1951125,신촌,2호선
다사50504125,950625,1941375,관악산(서울대),신림선
다사50504150,950625,1941625,관악산(서울대),신림선
다사50504200,950625,1942125,봉천,2호선
다사50504225,950625,1942375,봉천,2호선
다사50504450,950625,1944625,장승배기,7호선
다사50504475,950625,1944875,장승배기,7호선
다사50504500,950625,1945125,장승배기,7호선
다사50504525,950625,1945375,장승배기,7호선
다사50504550,950625,1945625,장승배기,7호선
다사50504575,950625,1945875,노량진,9호선
다사50504925,950625,1949375,마포,5호선
다사50504950,950625,1949625,대흥(서강대앞),6호선
다사50505000,950625,1950125,대흥(서강대앞),6호선
다사50505025,950625,1950375,대흥(서강대앞),6호선
다사50505050,950625,1950625,신촌,2호선
다사50505075,950625,1950875,신촌,2호선
다사50505100,950625,1951125,이대,2호선
다사50505125,950625,1951375,이대,2호선
다사50754225,950875,1942375,봉천,2호선
다사50754250,950875,1942625,봉천,2호선
다사50754275,950875,1942875,봉천,2호선
다사50754450,950875,1944625,상도,7호선
다사50754475,950875,1944875,상도,7호선
다사50754500,950875,1945125,상도,7호선
다사50754525,950875,1945375,장승배기,7호선
다사50754575,950875,1945875,노량진,9호선
다사50754900,950875,1949125,마포,5호선
다사50754925,950875,1949375,마포,5호선
다사50754950,950875,1949625,대흥(서강대앞),6호선
다사50754975,950875,1949875,대흥(서강대앞),6호선
다사50755000,950875,1950125,대흥(서강대앞),6호선
다사50755025,950875,1950375,대흥(서강대앞),6호선
다사50755050,950875,1950625,이대,2호선
다사50755075,950875,1950875,이대,2호선
다사50755100,950875,1951125,이대,2호선
다사50755375,950875,1953875,무악재,3호선
다사50755400,950875,1954125,홍제,3호선
다사51004200,951125,1942125,서울대입구(관악구청),2호선
다사51004225,951125,1942375,서울대입구(관악구청),2호선
다사51004250,951125,1942625,봉천,2호선
다사51004275,951125,1942875,봉천,2호선
다사51004300,951125,1943125,봉천,2호선
다사51004425,951125,1944375,상도,7호선
다사51004475,951125,1944875,상도,7호선
다사51004500,951125,1945125,상도,7호선
다사51004525,951125,1945375,상도,7호선
다사51004550,951125,1945625,상도,7호선
다사51004575,951125,1945875,노들,9호선
다사51004600,951125,1946125,노량진,9호선
다사51004625,951125,1946375,노량진,9호선
다사51004875,951125,1948875,마포,5호선
다사51004900,951125,1949125,마포,5호선
다사51004925,951125,1949375,마포,5호선
다사51004975,951125,1949875,대흥(서강대앞),6호선
다사51005000,951125,1950125,대흥(서강대앞),6호선
다사51005025,951125,1950375,대흥(서강대앞),6호선
다사51005050,951125,1950625,이대,2호선
다사51005375,951125,1953875,무악재,3호선
다사51005400,951125,1954125,무악재,3호선
다사51005425,951125,1954375,홍제,3호선
다사51254225,951375,1942375,서울대입구(관악구청),2호선
다사51254250,951375,1942625,서울대입구(관악구청),2호선
다사51254275,951375,1942875,서울대입구(관악구청),2호선
다사51254425,951375,1944375,숭실대입구(살피재),7호선
다사51254450,951375,1944625,상도,7호선
다사51254475,951375,1944875,상도,7호선
다사51254525,951375,1945375,상도,7호선
다사51254875,951375,1948875,마포,5호선
다사51254900,951375,1949125,마포,5호선
다사51254925,951375,1949375,공덕,6호선
다사51254950,951375,1949625,공덕,6호선
다사51254975,951375,1949875,공덕,6호선
다사51255000,951375,1950125,공덕,6호선
다사51255025,951375,1950375,이대,2호선
다사51255050,951375,1950625,이대,2호선
다사51255075,951375,1950875,이대,2호선
다사51255100,951375,1951125,이대,2호선
다사51255125,951375,1951375,이대,2호선
다사51255400,951375,1954125,무악재,3호선
다사51255425,951375,1954375,홍제,3호선
다사51504425,951625,1944375,숭실대입구(살피재),7호선
다사51504450,951625,1944625,숭실대입구(살피재),7호선
다사51504475,951625,1944875,상도,7호선
다사51504525,951625,1945375,상도,7호선
다사51504875,951625,1948875,마포,5호선
다사51504900,951625,1949125,공덕,6호선
다사51504925,951625,1949375,공덕,6호선
다사51505000,951625,1950125,공덕,6호선
다사51505025,951625,1950375,애오개,5호선
다사51505050,951625,1950625,애오개,5호선
다사51505075,951625,1950875,아현,2호선
다사51505100,951625,1951125,아현,2호선
다사51505125,951625,1951375,아현,2호선
다사51505325,951625,1953375,무악재,3호선
다사51754200,951875,1942125,서울대입구(관악구청),2호선
다사51754225,951875,1942375,서울대입구(관악구청),2호선
다사51754450,951875,1944625,숭실대입구(살피재),7호선
다사51754525,951875,1945375,노들,9호선
다사51754575,951875,1945875,노들,9호선
다사51754875,951875,1948875,효창공원앞,6호선
다사51754900,951875,1949125,공덕,6호선
다사51754925,951875,1949375,공덕,6호선
다사51754975,951875,1949875,공덕,6호선
다사51755000,951875,1950125,애오개,5호선
다사51755025,951875,1950375,애오개,5호선
다사51755050,951875,1950625,애오개,5호선
다사51755075,951875,1950875,아현,2호선
다사51755100,951875,1951125,아현,2호선
다사51755125,951875,1951375,아현,2호선
다사51755325,951875,1953375,독립문,3호선
다사52004200,952125,1942125,낙성대,2호선
다사52004225,952125,1942375,낙성대,2호선
다사52004250,952125,1942625,서울대입구(관악구청),2호선
다사52004550,952125,1945625,흑석(중앙대입구),9호선
다사52004575,952125,1945875,노들,9호선
다사52004825,952125,1948375,용산,경부선
다사52004900,952125,1949125,효창공원앞,6호선
다사52004925,952125,1949375,효창공원앞,6호선
다사52004975,952125,1949875,공덕,6호선
다사52005025,952125,1950375,애오개,5호선
다사52005050,952125,1950625,애오개,5호선
다사52005075,952125,1950875,아현,2호선
다사52005100,952125,1951125,아현,2호선
다사52005125,952125,1951375,아현,2호선
다사52254225,952375,1942375,낙성대,2호선
다사52254250,952375,1942625,낙성대,2호선
다사52254575,952375,1945875,흑석(중앙대입구),9호선
다사52254750,952375,1947625,용산,경부선
다사52254800,952375,1948125,용산,경부선
다사52254825,952375,1948375,용산,경부선
다사52254850,952375,1948625,효창공원앞,6호선
다사52255025,952375,1950375,애오개,5호선
다사52255050,952375,1950625,애오개,5호선
다사52255075,952375,1950875,애오개,5호선
다사52255100,952375,1951125,충정로(경기대입구),2호선
다사52255125,952375,1951375,충정로(경기대입구),2호선
다사52255150,952375,1951625,충정로(경기대입구),2호선
다사52255175,952375,1951875,서대문,5호선
다사52255225,952375,1952375,독립문,3호선
다사52504725,952625,1947375,용산,경부선
다사52504750,952625,1947625,용산,경부선
다사52504775,952625,1947875,용산,경부선
다사52504800,952625,1948125,용산,경부선
다사52504825,952625,1948375,용산,경부선
다사52504850,952625,1948625,효창공원앞,6호선
다사52504875,952625,1948875,효창공원앞,6호선
다사52504900,952625,1949125,효창공원앞,6호선
다사52504925,952625,1949375,효창공원앞,6호선
다사52505050,952625,1950625,애오개,5호선
다사52505075,952625,1950875,충정로(경기대입구),2호선
다사52505100,952625,1951125,충정로(경기대입구),2호선
다사52505125,952625,1951375,충정로(경기대입구),2호선
다사52505150,952625,1951625,충정로(경기대입구),2호선
다사52505175,952625,1951875,서대문,5호선
다사52505225,952625,1952375,서대문,5호선
다사52505250,952625,1952625,독립문,3호선
다사52754700,952875,1947125,이촌(국립중앙박물관),4호선
다사52754725,952875,1947375,신용산,4호선
다사52754750,952875,1947625,신용산,4호선
다사52754775,952875,1947875,신용산,4호선
다사52754800,952875,1948125,용산,경부선
다사52754825,952875,1948375,용산,경부선
다사52754850,952875,1948625,효창공원앞,6호선
다사52754875,952875,1948875,효창공원앞,6호선
다사52754900,952875,1949125,남영,경부선
다사52754925,952875,1949375,남영,경부선
다사52754975,952875,1949875,숙대입구(갈월),4호선
다사52755050,952875,1950625,서울역,1호선
다사52755100,952875,1951125,충정로(경기대입구),2호선
다사52755125,952875,1951375,충정로(경기대입구),2호선
다사52755150,952875,1951625,서대문,5호선
다사52755175,952875,1951875,서대문,5호선
다사52755275,952875,1952875,경복궁(정부서울청사),3호선
다사53004225,953125,1942375,남성,7호선
다사53004250,953125,1942625,남성,7호선
다사53004700,953125,1947125,이촌(국립중앙박물관),4호선
다사53004725,953125,1947375,이촌(국립중앙박물관),4호선
다사53004800,953125,1948125,신용산,4호선
다사53004825,953125,1948375,삼각지,6호선
다사53004850,953125,1948625,삼각지,6호선
다사53004875,953125,1948875,남영,경부선
다사53004900,953125,1949125,남영,경부선
다사53004925,953125,1949375,남영,경부선
다사53004975,953125,1949875,숙대입구(갈월),4호선
다사53005050,953125,1950625,서울역,1호선
다사53005075,953125,1950875,서울역,1호선
다사53005100,953125,1951125,서울역,1호선
다사53005125,953125,1951375,충정로(경기대입구),2호선
다사53005150,953125,1951625,서대문,5호선
다사53005175,953125,1951875,서대문,5호선
다사53005200,953125,1952125,서대문,5호선
다사53005275,953125,1952875,경복궁(정부서울청사),3호선
다사53254200,953375,1942125,사당,2호선
다사53254775,953375,1947875,신용산,4호선
다사53254800,953375,1948125,신용산,4호선
다사53254825,953375,1948375,삼각지,6호선
다사53254850,953375,1948625,삼각지,6호선
다사53254875,953375,1948875,삼각지,6호선
다사53254900,953375,1949125,남영,경부선
다사53254925,953375,1949375,남영,경부선
다사53254950,953375,1949625,숙대입구(갈월),4호선
다사53254975,953375,1949875,숙대입구(갈월),4호선
다사53255000,953375,1950125,숙대입구(갈월),4호선
다사53255025,953375,1950375,서울역,1호선
다사53255050,953375,1950625,서울역,1호선
다사53255075,953375,1950875,서울역,1호선
다사53255100,953375,1951125,서울역,1호선
다사53255125,953375,1951375,시청,2호선
다사53255150,953375,1951625,시청,2호선
다사53255200,953375,1952125,서대문,5호선
다사53255225,953375,1952375,광화문(세종문화회관),5호선
다사53255250,953375,1952625,광화문(세종문화회관),5호선
다사53255275,953375,1952875,경복궁(정부서울청사),3호선
다사53255300,953375,1953125,경복궁(정부서울청사),3호선
다사53504225,953625,1942375,사당,2호선
다사53504250,953625,1942625,남성,7호선
다사53504275,953625,1942875,남성,7호선
다사53504300,953625,1943125,남성,7호선
다사53504325,953625,1943375,남성,7호선
다사53504350,953625,1943625,총신대입구(이수),4호선
다사53504750,953625,1947625,이촌(국립중앙박물관),4호선
다사53504775,953625,1947875,신용산,4호선
다사53504800,953625,1948125,삼각지,6호선
다사53504850,953625,1948625,삼각지,6호선
다사53504875,953625,1948875,삼각지,6호선
다사53504925,953625,1949375,숙대입구(갈월),4호선
다사53504950,953625,1949625,숙대입구(갈월),4호선
다사53504975,953625,1949875,숙대입구(갈월),4호선
다사53505050,953625,1950625,서울역,1호선
다사53505075,953625,1950875,서울역,1호선
다사53505100,953625,1951125,회현(남대문시장),4호선
다사53505125,953625,1951375,시청,2호선
다사53505150,953625,1951625,시청,2호선
다사53505200,953625,1952125,시청,2호선
다사53505225,953625,1952375,광화문(세종문화회관),5호선
다사53505250,953625,1952625,광화문(세종문화회관),5호선
다사53505275,953625,1952875,경복궁(정부서울청사),3호선
다사53754225,953875,1942375,사당,2호선
다사53754250,953875,1942625,이수,7호선
다사53754275,953875,1942875,이수,7호선
다사53754300,953875,1943125,이수,7호선
다사53754325,953875,1943375,총신대입구(이수),4호선
다사53754350,953875,1943625,총신대입구(이수),4호선
다사53754825,953875,1948375,삼각지,6호선
다사53754850,953875,1948625,삼각지,6호선
다사53754875,953875,1948875,삼각지,6호선
다사53755025,953875,1950375,서울역,1호선
다사53755050,953875,1950625,회현(남대문시장),4호선
다사53755100,953875,1951125,회현(남대문시장),4호선
다사53755125,953875,1951375,회현(남대문시장),4호선
다사53755150,953875,1951625,시청,2호선
다사53755175,953875,1951875,시청,2호선
다사53755200,953875,1952125,을지로입구,2호선
다사53755225,953875,1952375,광화문(세종문화회관),5호선
다사53755250,953875,1952625,광화문(세종문화회관),5호선
다사53755275,953875,1952875,광화문(세종문화회관),5호선
다사54004225,954125,1942375,사당,2호선
다사54004250,954125,1942625,이수,7호선
다사54004275,954125,1942875,이수,7호선
다사54004300,954125,1943125,총신대입구(이수),4호선
다사54004325,954125,1943375,총신대입구(이수),4호선
다사54004350,954125,1943625,총신대입구(이수),4호선
다사54004425,954125,1944375,동작(현충원),4호선
다사54004500,954125,1945125,동작(현충원),4호선
다사54004650,954125,1946625,서빙고,경원선
다사54004675,954125,1946875,이촌(국립중앙박물관),4호선
다사54004800,954125,1948125,녹사평(용산구청),6호선
다사54005100,954125,1951125,회현(남대문시장),4호선
다사54005125,954125,1951375,회현(남대문시장),4호선
다사54005150,954125,1951625,을지로입구,2호선
다사54005175,954125,1951875,을지로입구,2호선
다사54005200,954125,1952125,을지로입구,2호선
다사54005225,954125,1952375,종각,1호선
다사54005250,954125,1952625,종각,1호선
다사54005275,954125,1952875,광화문(세종문화회관),5호선
다사54005300,954125,1953125,안국,3호선
다사54005325,954125,1953375,안국,3호선
다사54254225,954375,1942375,사당,2호선
다사54254250,954375,1942625,이수,7호선
다사54254275,954375,1942875,이수,7호선
다사54254300,954375,1943125,총신대입구(이수),4호선
다사54254325,954375,1943375,총신대입구(이수),4호선
다사54254350,954375,1943625,총신대입구(이수),4호선
다사54254425,954375,1944375,구반포,9호선
다사54254500,954375,1945125,동작(현충원),4호선
다사54255075,954375,1950875,회현(남대문시장),4호선
다사54255100,954375,1951125,명동,4호선
다사54255125,954375,1951375,명동,4호선
다사54255150,954375,1951625,명동,4호선
다사54255175,954375,1951875,을지로입구,2호선
다사54255200,954375,1952125,을지로입구,2호선
다사54255225,954375,1952375,종각,1호선
다사54255250,954375,1952625,종각,1호선
다사54255275,954375,1952875,안국,3호선
다사54255300,954375,1953125,안국,3호선
다사54504225,954625,1942375,사당,2호선
다사54504250,954625,1942625,이수,7호선
다사54504275,954625,1942875,이수,7호선
다사54504300,954625,1943125,총신대입구(이수),4호선
다사54504325,954625,1943375,총신대입구(이수),4호선
다사54504350,954625,1943625,총신대입구(이수),4호선
다사54504475,954625,1944875,구반포,9호선
다사54504500,954625,1945125,구반포,9호선
다사54504825,954625,1948375,녹사평(용산구청),6호선
다사54504850,954625,1948625,녹사평(용산구청),6호선
다사54505100,954625,1951125,명동,4호선
다사54505125,954625,1951375,명동,4호선
다사54505150,954625,1951625,명동,4호선
다사54505175,954625,1951875,을지로입구,2호선
다사54505200,954625,1952125,을지로입구,2호선
다사54505225,954625,1952375,종각,1호선
다사54505250,954625,1952625,종각,1호선
다사54505275,954625,1952875,안국,3호선
다사54505300,954625,1953125,안국,3호선
다사54505325,954625,1953375,안국,3호선
다사54754225,954875,1942375,방배,2호선
다사54754275,954875,1942875,내방,7호선
다사54754300,954875,1943125,내방,7호선
다사54754325,954875,1943375,내방,7호선
다사54754450,954875,1944625,구반포,9호선
다사54754475,954875,1944875,구반포,9호선
다사54754500,954875,1945125,구반포,9호선
다사54754825,954875,1948375,녹사평(용산구청),6호선
다사54754850,954875,1948625,녹사평(용산구청),6호선
다사54754875,954875,1948875,녹사평(용산구청),6호선
다사54754900,954875,1949125,녹사평(용산구청),6호선
다사54755100,954875,1951125,명동,4호선
다사54755125,954875,1951375,명동,4호선
다사54755150,954875,1951625,명동,4호선
다사54755175,954875,1951875,을지로3가,2호선
다사54755200,954875,1952125,을지로3가,2호선
다사54755225,954875,1952375,종로3가,5호선
다사54755250,954875,1952625,종로3가,5호선
다사54755275,954875,1952875,종로3가,5호선
다사54755300,954875,1953125,안국,3호선
다사55004250,955125,1942625,방배,2호선
다사55004275,955125,1942875,내방,7호선
다사55004300,955125,1943125,내방,7호선
다사55004425,955125,1944375,구반포,9호선
다사55004500,955125,1945125,신반포,9호선
다사55004525,955125,1945375,신반포,9호선
다사55004775,955125,1947875,이태원,6호선
다사55004800,955125,1948125,이태원,6호선
다사55004825,955125,1948375,이태원,6호선
다사55004850,955125,1948625,이태원,6호선
다사55004875,955125,1948875,이태원,6호선
다사55004900,955125,1949125,이태원,6호선
다사55005125,955125,1951375,충무로,4호선
다사55005150,955125,1951625,충무로,4호선
다사55005175,955125,1951875,을지로3가,2호선
다사55005200,955125,1952125,을지로3가,2호선
다사55005225,955125,1952375,종로3가,5호선
다사55005250,955125,1952625,종로3가,5호선
다사55005275,955125,1952875,종로3가,5호선
다사55254250,955375,1942625,방배,2호선
다사55254275,955375,1942875,방배,2호선
다사55254300,955375,1943125,내방,7호선
다사55254475,955375,1944875,신반포,9호선
다사55254500,955375,1945125,신반포,9호선
다사55254825,955375,1948375,이태원,6호선
다사55254850,955375,1948625,이태원,6호선
다사55254875,955375,1948875,이태원,6호선
다사55254900,955375,1949125,한강진,6호선
다사55255100,955375,1951125,충무로,4호선
다사55255125,955375,1951375,충무로,4호선
다사55255150,955375,1951625,충무로,4호선
다사55255175,955375,1951875,을지로3가,2호선
다사55255200,955375,1952125,을지로3가,2호선
다사55255225,955375,1952375,을지로4가,2호선
다사55504250,955625,1942625,방배,2호선
다사55504275,955625,1942875,방배,2호선
다사55504300,955625,1943125,내방,7호선
다사55504325,955625,1943375,내방,7호선
다사55504475,955625,1944875,신반포,9호선
다사55504500,955625,1945125,신반포,9호선
다사55504525,955625,1945375,신반포,9호선
다사55504550,955625,1945625,신반포,9호선
다사55504825,955625,1948375,이태원,6호선
다사55504850,955625,1948625,이태원,6호선
다사55504875,955625,1948875,한강진,6호선
다사55504900,955625,1949125,한강진,6호선
다사55505100,955625,1951125,충무로,4호선
다사55505125,955625,1951375,충무로,4호선
다사55505150,955625,1951625,충무로,4호선
다사55505175,955625,1951875,을지로4가,2호선
다사55505200,955625,1952125,을지로4가,2호선
다사55505225,955625,1952375,을지로4가,2호선
다사55505250,955625,1952625,종로5가,1호선
다사55505275,955625,1952875,종로5가,1호선
다사55505300,955625,1953125,종로5가,1호선
다사55505425,955625,1954375,혜화,4호선
다사55754450,955875,1944625,신반포,9호선
다사55754475,955875,1944875,신반포,9호선
다사55754500,955875,1945125,고속터미널,9호선
다사55754525,955875,1945375,고속터미널,9호선
다사55754550,955875,1945625,고속터미널,9호선
다사55754800,955875,1948125,이태원,6호선
다사55754825,955875,1948375,이태원,6호선
다사55754850,955875,1948625,한강진,6호선
다사55754875,955875,1948875,한강진,6호선
다사55755100,955875,1951125,동대입구,3호선
다사55755125,955875,1951375,동대입구,3호선
다사55755150,955875,1951625,을지로4가,2호선
다사55755175,955875,1951875,을지로4가,2호선
다사55755200,955875,1952125,을지로4가,2호선
다사55755225,955875,1952375,종로5가,1호선
다사55755250,955875,1952625,종로5가,1호선
다사55755300,955875,1953125,종로5가,1호선
다사55755375,955875,1953875,혜화,4호선
다사55755400,955875,1954125,혜화,4호선
다사55755425,955875,1954375,한성대입구(삼선교),4호선
다사56004300,956125,1943125,서초,2호선
다사56004450,956125,1944625,고속터미널,9호선
다사56004475,956125,1944875,고속터미널,9호선
다사56004500,956125,1945125,고속터미널,9호선
다사56004525,956125,1945375,고속터미널,9호선
다사56004550,956125,1945625,고속터미널,9호선
다사56004575,956125,1945875,고속터미널,9호선
다사56004825,956125,1948375,한강진,6호선
다사56004925,956125,1949375,한강진,6호선
다사56005025,956125,1950375,버티고개,6호선
다사56005100,956125,1951125,동대입구,3호선
다사56005125,956125,1951375,동대입구,3호선
다사56005150,956125,1951625,동대문역사문화공원,4호선
다사56005175,956125,1951875,동대문역사문화공원,4호선
다사56005250,956125,1952625,종로5가,1호선
다사56005275,956125,1952875,종로5가,1호선
다사56005300,956125,1953125,종로5가,1호선
다사56005375,956125,1953875,혜화,4호선
다사56005400,956125,1954125,혜화,4호선
다사56005425,956125,1954375,한성대입구(삼선교),4호선
다사56254375,956375,1943875,서초,2호선
다사56254400,956375,1944125,서초,2호선
다사56254500,956375,1945125,고속터미널,9호선
다사56254525,956375,1945375,고속터미널,9호선
다사56254550,956375,1945625,고속터미널,9호선
다사56254575,956375,1945875,잠원,3호선
다사56254600,956375,1946125,잠원,3호선
다사56254825,956375,1948375,한남,경원선
다사56254850,956375,1948625,한강진,6호선
다사56254925,956375,1949375,한강진,6호선
다사56255000,956375,1950125,버티고개,6호선
다사56255025,956375,1950375,버티고개,6호선
다사56255050,956375,1950625,약수,3호선
다사56255075,956375,1950875,동대입구,3호선
다사56255125,956375,1951375,동대입구,3호선
다사56255150,956375,1951625,동대문역사문화공원,4호선
다사56255175,956375,1951875,동대문역사문화공원,4호선
다사56255200,956375,1952125,동대문역사문화공원,4호선
다사56255225,956375,1952375,종로5가,1호선
다사56255250,956375,1952625,종로5가,1호선
다사56255275,956375,1952875,종로5가,1호선
다사56255300,956375,1953125,동대문,1호선
다사56255375,956375,1953875,혜화,4호선
다사56255425,956375,1954375,한성대입구(삼선교),4호선
다사56255750,956375,1957625,북한산보국문,우이신설선
다사56504300,956625,1943125,남부터미널(예술의전당),3호선
다사56504325,956625,1943375,서초,2호선
다사56504350,956625,1943625,서초,2호선
다사56504375,956625,1943875,서초,2호선
다사56504400,956625,1944125,서초,2호선
다사56504475,956625,1944875,사평,9호선
다사56504500,956625,1945125,고속터미널,9호선
다사56504525,956625,1945375,반포,7호선
다사56504550,956625,1945625,반포,7호선
다사56504600,956625,1946125,잠원,3호선
다사56504850,956625,1948625,한남,경원선
다사56504925,956625,1949375,버티고개,6호선
다사56504950,956625,1949625,버티고개,6호선
다사56504975,956625,1949875,버티고개,6호선
다사56505000,956625,1950125,버티고개,6호선
다사56505025,956625,1950375,약수,3호선
다사56505050,956625,1950625,약수,3호선
다사56505075,956625,1950875,약수,3호선
다사56505100,956625,1951125,동대입구,3호선
다사56505125,956625,1951375,동대입구,3호선
다사56505150,956625,1951625,동대문역사문화공원,4호선
다사56505175,956625,1951875,동대문역사문화공원,4호선
다사56505200,956625,1952125,동대문역사문화공원,4호선
다사56505225,956625,1952375,동대문,1호선
다사56505250,956625,1952625,동대문,1호선
다사56505325,956625,1953375,창신,6호선
다사56505375,956625,1953875,혜화,4호선
다사56505400,956625,1954125,한성대입구(삼선교),4호선
다사56505450,956625,1954625,한성대입구(삼선교),4호선
다사56505625,956625,1956375,정릉,우이신설선
다사56505650,956625,1956625,북한산보국문,우이신설선
다사56505725,956625,1957375,북한산보국문,우이신설선
다사56505750,956625,1957625,북한산보국문,우이신설선
다사56506050,956625,1960625,4.19민주묘지,우이신설선
다사56506125,956625,1961375,4.19민주묘지,우이신설선
다사56506200,956625,1962125,솔밭공원,우이신설선
다사56754300,956875,1943125,남부터미널(예술의전당),3호선
다사56754325,956875,1943375,서초,2호선
다사56754350,956875,1943625,서초,2호선
다사56754375,956875,1943875,교대(법원.검찰청),2호선
다사56754400,956875,1944125,교대(법원.검찰청),2호선
다사56754425,956875,1944375,교대(법원.검찰청),2호선
다사56754450,956875,1944625,사평,9호선
다사56754475,956875,1944875,사평,9호선
다사56754500,956875,1945125,사평,9호선
다사56754525,956875,1945375,반포,7호선
다사56754550,956875,1945625,반포,7호선
다사56754575,956875,1945875,잠원,3호선
다사56754600,956875,1946125,잠원,3호선
다사56754625,956875,1946375,잠원,3호선
다사56754650,956875,1946625,잠원,3호선
다사56754850,956875,1948625,한남,경원선
다사56754925,956875,1949375,옥수,3호선
다사56754950,956875,1949625,금호,3호선
다사56754975,956875,1949875,금호,3호선
다사56755000,956875,1950125,금호,3호선
다사56755025,956875,1950375,약수,3호선
다사56755050,956875,1950625,약수,3호선
다사56755075,956875,1950875,약수,3호선
다사56755100,956875,1951125,청구,6호선
다사56755125,956875,1951375,청구,6호선
다사56755150,956875,1951625,청구,6호선
다사56755175,956875,1951875,동대문역사문화공원,4호선
다사56755200,956875,1952125,동대문역사문화공원,4호선
다사56755225,956875,1952375,동대문,1호선
다사56755250,956875,1952625,동대문,1호선
다사56755275,956875,1952875,동대문,1호선
다사56755300,956875,1953125,창신,6호선
다사56755325,956875,1953375,창신,6호선
다사56755375,956875,1953875,창신,6호선
다사56755400,956875,1954125,한성대입구(삼선교),4호선
다사56755425,956875,1954375,한성대입구(삼선교),4호선
다사56755475,956875,1954875,성신여대입구(돈암),4호선
다사56755525,956875,1955375,성신여대입구(돈암),4호선
다사56755625,956875,1956375,정릉,우이신설선
다사56755650,956875,1956625,북한산보국문,우이신설선
다사56755725,956875,1957375,북한산보국문,우이신설선
다사56755750,956875,1957625,솔샘,우이신설선
다사56755825,956875,1958375,솔샘,우이신설선
다사56755850,956875,1958625,삼양,우이신설선
다사56755975,956875,1959875,화계,우이신설선
다사56756050,956875,1960625,가오리,우이신설선
다사56756075,956875,1960875,4.19민주묘지,우이신설선
다사56756175,956875,1961875,솔밭공원,우이신설선
다사56756200,956875,1962125,솔밭공원,우이신설선
다사56756225,956875,1962375,북한산우이,우이신설선
다사56756250,956875,1962625,북한산우이,우이신설선
다사57004325,957125,1943375,남부터미널(예술의전당),3호선
다사57004350,957125,1943625,교대(법원.검찰청),2호선
다사57004375,957125,1943875,교대(법원.검찰청),2호선
다사57004400,957125,1944125,교대(법원.검찰청),2호선
다사57004425,957125,1944375,교대(법원.검찰청),2호선
다사57004450,957125,1944625,사평,9호선
다사57004475,957125,1944875,사평,9호선
다사57004500,957125,1945125,사평,9호선
다사57004525,957125,1945375,사평,9호선
다사57004550,957125,1945625,반포,7호선
다사57004600,957125,1946125,잠원,3호선
다사57004625,957125,1946375,잠원,3호선
다사57004650,957125,1946625,신사,3호선
다사57004925,957125,1949375,옥수,3호선
다사57004950,957125,1949625,금호,3호선
다사57004975,957125,1949875,금호,3호선
다사57005000,957125,1950125,금호,3호선
다사57005050,957125,1950625,약수,3호선
다사57005075,957125,1950875,약수,3호선
다사57005100,957125,1951125,청구,6호선
다사57005125,957125,1951375,청구,6호선
다사57005150,957125,1951625,청구,6호선
다사57005175,957125,1951875,신당,2호선
다사57005200,957125,1952125,신당,2호선
다사57005225,957125,1952375,동대문,1호선
다사57005250,957125,1952625,동묘앞,1호선
다사57005275,957125,1952875,동묘앞,1호선
다사57005300,957125,1953125,창신,6호선
다사57005325,957125,1953375,창신,6호선
다사57005350,957125,1953625,창신,6호선
다사57005375,957125,1953875,창신,6호선
다사57005400,957125,1954125,보문,6호선
다사57005425,957125,1954375,보문,6호선
다사57005450,957125,1954625,성신여대입구(돈암),4호선
다사57005550,957125,1955625,정릉,우이신설선
다사57005650,957125,1956625,정릉,우이신설선
다사57005675,957125,1956875,북한산보국문,우이신설선
다사57005750,957125,1957625,솔샘,우이신설선
다사57005775,957125,1957875,솔샘,우이신설선
다사57005800,957125,1958125,솔샘,우이신설선
다사57005825,957125,1958375,솔샘,우이신설선
다사57005850,957125,1958625,삼양,우이신설선
다사57005875,957125,1958875,삼양,우이신설선
다사57005900,957125,1959125,화계,우이신설선
다사57005925,957125,1959375,화계,우이신설선
다사57005950,957125,1959625,화계,우이신설선
다사57005975,957125,1959875,화계,우이신설선
다사57006000,957125,1960125,가오리,우이신설선
다사57006050,957125,1960625,가오리,우이신설선
다사57006075,957125,1960875,4.19민주묘지,우이신설선
다사57006150,957125,1961625,솔밭공원,우이신설선
다사57006175,957125,1961875,솔밭공원,우이신설선
다사57006200,957125,1962125,솔밭공원,우이신설선
다사57006225,957125,1962375,북한산우이,우이신설선
다사57006250,957125,1962625,북한산우이,우이신설선
다사57254325,957375,1943375,남부터미널(예술의전당),3호선
다사57254350,957375,1943625,교대(법원.검찰청),2호선
다사57254425,957375,1944375,교대(법원.검찰청),2호선
다사57254450,957375,1944625,사평,9호선
다사57254475,957375,1944875,사평,9호선
다사57254500,957375,1945125,사평,9호선
다사57254550,957375,1945625,논현,7호선
다사57254575,957375,1945875,논현,7호선
다사57254600,957375,1946125,신사,3호선
다사57254625,957375,1946375,신사,3호선
다사57254975,957375,1949875,금호,3호선
다사57255000,957375,1950125,금호,3호선
다사57255050,957375,1950625,신금호,5호선
다사57255075,957375,1950875,신금호,5호선
다사57255100,957375,1951125,청구,6호선
다사57255125,957375,1951375,청구,6호선
다사57255150,957375,1951625,신당,2호선
다사57255175,957375,1951875,신당,2호선
다사57255200,957375,1952125,신당,2호선
다사57255225,957375,1952375,동묘앞,1호선
다사57255250,957375,1952625,동묘앞,1호선
다사57255275,957375,1952875,동묘앞,1호선
다사57255350,957375,1953625,창신,6호선
다사57255375,957375,1953875,보문,6호선
다사57255400,957375,1954125,보문,6호선
다사57255425,957375,1954375,보문,6호선
다사57255525,957375,1955375,성신여대입구(돈암),4호선
다사57255575,957375,1955875,정릉,우이신설선
다사57255600,957375,1956125,정릉,우이신설선
다사57255625,957375,1956375,정릉,우이신설선
다사57255750,957375,1957625,솔샘,우이신설선
다사57255775,957375,1957875,솔샘,우이신설선
다사57255800,957375,1958125,삼양사거리,우이신설선
다사57255825,957375,1958375,삼양,우이신설선
다사57255850,957375,1958625,삼양,우이신설선
다사57255875,957375,1958875,삼양,우이신설선
다사57255900,957375,1959125,화계,우이신설선
다사57255925,957375,1959375,화계,우이신설선
다사57255950,957375,1959625,화계,우이신설선
다사57255975,957375,1959875,화계,우이신설선
다사57256000,957375,1960125,가오리,우이신설선
다사57256050,957375,1960625,가오리,우이신설선
다사57256075,957375,1960875,4.19민주묘지,우이신설선
다사57256150,957375,1961625,솔밭공원,우이신설선
다사57256175,957375,1961875,솔밭공원,우이신설선
다사57256200,957375,1962125,솔밭공원,우이신설선
다사57256225,957375,1962375,북한산우이,우이신설선
다사57504325,957625,1943375,남부터미널(예술의전당),3호선
다사57504350,957625,1943625,교대(법원.검찰청),2호선
다사57504400,957625,1944125,교대(법원.검찰청),2호선
다사57504425,957625,1944375,강남,2호선
다사57504450,957625,1944625,신논현,9호선
다사57504475,957625,1944875,신논현,9호선
다사57504500,957625,1945125,신논현,9호선
다사57504525,957625,1945375,신논현,9호선
다사57504550,957625,1945625,논현,7호선
다사57504575,957625,1945875,논현,7호선
다사57504600,957625,1946125,논현,7호선
다사57504625,957625,1946375,신사,3호선
다사57504650,957625,1946625,신사,3호선
다사57504925,957625,1949375,옥수,3호선
다사57504950,957625,1949625,옥수,3호선
다사57504975,957625,1949875,금호,3호선
다사57505000,957625,1950125,금호,3호선
다사57505025,957625,1950375,신금호,5호선
다사57505050,957625,1950625,신금호,5호선
다사57505100,957625,1951125,신금호,5호선
다사57505125,957625,1951375,신당,2호선
다사57505150,957625,1951625,신당,2호선
다사57505175,957625,1951875,신당,2호선
다사57505200,957625,1952125,신당,2호선
다사57505225,957625,1952375,신당,2호선
다사57505275,957625,1952875,동묘앞,1호선
다사57505300,957625,1953125,신설동,1호선
다사57505325,957625,1953375,창신,6호선
다사57505350,957625,1953625,창신,6호선
다사57505375,957625,1953875,보문,6호선
다사57505400,957625,1954125,보문,6호선
다사57505425,957625,1954375,보문,6호선
다사57505450,957625,1954625,성신여대입구(돈암),4호선
다사57505475,957625,1954875,성신여대입구(돈암),4호선
다사57505550,957625,1955625,길음,4호선
다사57505575,957625,1955875,길음,4호선
다사57505600,957625,1956125,길음,4호선
다사57505625,957625,1956375,길음,4호선
다사57505650,957625,1956625,길음,4호선
다사57505750,957625,1957625,삼양사거리,우이신설선
다사57505775,957625,1957875,삼양사거리,우이신설선
다사57505800,957625,1958125,삼양사거리,우이신설선
다사57505825,957625,1958375,삼양사거리,우이신설선
다사57505850,957625,1958625,삼양,우이신설선
다사57505875,957625,1958875,삼양,우이신설선
다사57505900,957625,1959125,삼양,우이신설선
다사57505925,957625,1959375,화계,우이신설선
다사57505950,957625,1959625,화계,우이신설선
다사57505975,957625,1959875,화계,우이신설선
다사57506000,957625,1960125,가오리,우이신설선
다사57506025,957625,1960375,가오리,우이신설선
다사57506050,957625,1960625,가오리,우이신설선
다사57506075,957625,1960875,가오리,우이신설선
다사57506225,957625,1962375,북한산우이,우이신설선
다사57754375,957875,1943875,강남,2호선
다사57754400,957875,1944125,강남,2호선
다사57754425,957875,1944375,강남,2호선
다사57754450,957875,1944625,강남,2호선
다사57754475,957875,1944875,신논현,9호선
다사57754500,957875,1945125,신논현,9호선
다사57754525,957875,1945375,신논현,9호선
다사57754550,957875,1945625,논현,7호선
다사57754575,957875,1945875,논현,7호선
다사57754600,957875,1946125,논현,7호선
다사57754625,957875,1946375,신사,3호선
다사57754650,957875,1946625,신사,3호선
다사57754700,957875,1947125,압구정,3호선
다사57754950,957875,1949625,옥수,3호선
다사57755000,957875,1950125,신금호,5호선
다사57755025,957875,1950375,신금호,5호선
다사57755050,957875,1950625,신금호,5호선
다사57755075,957875,1950875,신금호,5호선
다사57755125,957875,1951375,신당,2호선
다사57755150,957875,1951625,신당,2호선
다사57755175,957875,1951875,신당,2호선
다사57755200,957875,1952125,신당,2호선
다사57755225,957875,1952375,신당,2호선
다사57755275,957875,1952875,신설동,1호선
다사57755300,957875,1953125,신설동,1호선
다사57755325,957875,1953375,신설동,1호선
다사57755375,957875,1953875,보문,6호선
다사57755400,957875,1954125,보문,6호선
다사57755425,957875,1954375,보문,6호선
다사57755450,957875,1954625,보문,6호선
다사57755525,957875,1955375,성신여대입구(돈암),4호선
다사57755675,957875,1956875,미아사거리,4호선
다사57755725,957875,1957375,미아사거리,4호선
다사57755750,957875,1957625,삼양사거리,우이신설선
다사57755800,957875,1958125,삼양사거리,우이신설선
다사57755825,957875,1958375,삼양사거리,우이신설선
다사57755850,957875,1958625,미아(서울사이버대학),4호선
다사57755875,957875,1958875,미아(서울사이버대학),4호선
다사57755900,957875,1959125,미아(서울사이버대학),4호선
다사57755925,957875,1959375,화계,우이신설선
다사57755950,957875,1959625,수유(강북구청),4호선
다사57755975,957875,1959875,수유(강북구청),4호선
다사57756000,957875,1960125,수유(강북구청),4호선
다사57756025,957875,1960375,가오리,우이신설선
다사57756050,957875,1960625,가오리,우이신설선
다사58004425,958125,1944375,강남,2호선
다사58004450,958125,1944625,강남,2호선
다사58004475,958125,1944875,신논현,9호선
다사58004500,958125,1945125,신논현,9호선
다사58004525,958125,1945375,신논현,9호선
다사58004550,958125,1945625,논현,7호선
다사58004575,958125,1945875,논현,7호선
다사58004600,958125,1946125,학동,7호선
다사58004650,958125,1946625,신사,3호선
다사58004675,958125,1946875,신사,3호선
다사58005000,958125,1950125,신금호,5호선
다사58005025,958125,1950375,신금호,5호선
다사58005050,958125,1950625,행당,5호선
다사58005075,958125,1950875,행당,5호선
다사58005100,958125,1951125,행당,5호선
다사58005125,958125,1951375,행당,5호선
다사58005150,958125,1951625,상왕십리,2호선
다사58005175,958125,1951875,상왕십리,2호선
다사58005200,958125,1952125,상왕십리,2호선
다사58005225,958125,1952375,상왕십리,2호선
다사58005350,958125,1953625,신설동,1호선
다사58005375,958125,1953875,안암(고대병원앞),6호선
다사58005400,958125,1954125,안암(고대병원앞),6호선
다사58005425,958125,1954375,안암(고대병원앞),6호선
다사58005450,958125,1954625,안암(고대병원앞),6호선
다사58005650,958125,1956625,길음,4호선
다사58005675,958125,1956875,미아사거리,4호선
다사58005750,958125,1957625,미아사거리,4호선
다사58005775,958125,1957875,삼양사거리,우이신설선
다사58005800,958125,1958125,삼양사거리,우이신설선
다사58005825,958125,1958375,미아(서울사이버대학),4호선
다사58005850,958125,1958625,미아(서울사이버대학),4호선
다사58005875,958125,1958875,미아(서울사이버대학),4호선
다사58005900,958125,1959125,미아(서울사이버대학),4호선
다사58005925,958125,1959375,수유(강북구청),4호선
다사58005950,958125,1959625,수유(강북구청),4호선
다사58005975,958125,1959875,수유(강북구청),4호선
다사58006000,958125,1960125,수유(강북구청),4호선
다사58006025,958125,1960375,수유(강북구청),4호선
다사58254425,958375,1944375,강남,2호선
다사58254450,958375,1944625,강남,2호선
다사58254475,958375,1944875,신논현,9호선
다사58254500,958375,1945125,신논현,9호선
다사58254525,958375,1945375,신논현,9호선
다사58254550,958375,1945625,언주,9호선(연장)
다사58254575,958375,1945875,학동,7호선
다사58254600,958375,1946125,학동,7호선
다사58254625,958375,1946375,학동,7호선
다사58254675,958375,1946875,학동,7호선
다사58255025,958375,1950375,응봉,경원선
다사58255050,958375,1950625,행당,5호선
다사58255075,958375,1950875,행당,5호선
다사58255100,958375,1951125,행당,5호선
다사58255125,958375,1951375,행당,5호선
다사58255150,958375,1951625,상왕십리,2호선
다사58255300,958375,1953125,신설동,1호선
다사58255325,958375,1953375,신설동,1호선
다사58255350,958375,1953625,안암(고대병원앞),6호선
다사58255450,958375,1954625,안암(고대병원앞),6호선
다사58255650,958375,1956625,미아사거리,4호선
다사58255775,958375,1957875,미아사거리,4호선
다사58255800,958375,1958125,미아(서울사이버대학),4호선
다사58255825,958375,1958375,미아(서울사이버대학),4호선
다사58504400,958625,1944125,강남,2호선
다사58504425,958625,1944375,강남,2호선
다사58504450,958625,1944625,역삼,2호선
다사58504500,958625,1945125,언주,9호선(연장)
다사58504525,958625,1945375,언주,9호선(연장)
다사58504550,958625,1945625,언주,9호선(연장)
다사58504575,958625,1945875,학동,7호선
다사58504600,958625,1946125,학동,7호선
다사58504750,958625,1947625,압구정,3호선
다사58505025,958625,1950375,응봉,경원선
다사58505050,958625,1950625,행당,5호선
다사58505075,958625,1950875,행당,5호선
다사58505100,958625,1951125,행당,5호선
다사58505125,958625,1951375,행당,5호선
다사58505150,958625,1951625,상왕십리,2호선
다사58505175,958625,1951875,상왕십리,2호선
다사58505250,958625,1952625,용두(동대문구청),2호선
다사58505275,958625,1952875,제기동,1호선
다사58505300,958625,1953125,제기동,1호선
다사58505325,958625,1953375,제기동,1호선
다사58505350,958625,1953625,제기동,1호선
다사58505375,958625,1953875,안암(고대병원앞),6호선
다사58505400,958625,1954125,안암(고대병원앞),6호선
다사58505425,958625,1954375,안암(고대병원앞),6호선
다사58505450,958625,1954625,고려대(종암),6호선
다사58505475,958625,1954875,고려대(종암),6호선
다사58505650,958625,1956625,미아사거리,4호선
다사58754400,958875,1944125,역삼,2호선
다사58754425,958875,1944375,역삼,2호선
다사58754450,958875,1944625,역삼,2호선
다사58754475,958875,1944875,역삼,2호선
다사58754500,958875,1945125,언주,9호선(연장)
다사58754525,958875,1945375,언주,9호선(연장)
다사58754550,958875,1945625,언주,9호선(연장)
다사58754575,958875,1945875,학동,7호선
다사58754600,958875,1946125,학동,7호선
다사58754625,958875,1946375,학동,7호선
다사58754650,958875,1946625,학동,7호선
다사58754675,958875,1946875,강남구청,7호선
다사58754700,958875,1947125,압구정,3호선
다사58754750,958875,1947625,압구정로데오,분당선
다사58754775,958875,1947875,압구정로데오,분당선
다사58754800,958875,1948125,압구정로데오,분당선
다사58755025,958875,1950375,응봉,경원선
다사58755050,958875,1950625,응봉,경원선
다사58755075,958875,1950875,행당,5호선
다사58755100,958875,1951125,행당,5호선
다사58755125,958875,1951375,왕십리(성동구청),경원선
다사58755150,958875,1951625,왕십리(성동구청),경원선
다사58755175,958875,1951875,상왕십리,2호선
다사58755200,958875,1952125,상왕십리,2호선
다사58755225,958875,1952375,용두(동대문구청),2호선
다사58755350,958875,1953625,제기동,1호선
다사58755375,958875,1953875,안암(고대병원앞),6호선
다사58755400,958875,1954125,안암(고대병원앞),6호선
다사58755425,958875,1954375,고려대(종암),6호선
다사58755450,958875,1954625,고려대(종암),6호선
다사58755600,958875,1956125,월곡(동덕여대),6호선
다사59004475,959125,1944875,역삼,2호선
다사59004500,959125,1945125,역삼,2호선
다사59004525,959125,1945375,언주,9호선(연장)
다사59004550,959125,1945625,언주,9호선(연장)
다사59004575,959125,1945875,언주,9호선(연장)
다사59004625,959125,1946375,강남구청,7호선
다사59004650,959125,1946625,강남구청,7호선
다사59004700,959125,1947125,압구정로데오,분당선
다사59004750,959125,1947625,압구정로데오,분당선
다사59005050,959125,1950625,응봉,경원선
다사59005075,959125,1950875,한양대,2호선
다사59005100,959125,1951125,왕십리(성동구청),경원선
다사59005125,959125,1951375,왕십리(성동구청),경원선
다사59005150,959125,1951625,왕십리(성동구청),경원선
다사59005175,959125,1951875,왕십리(성동구청),경원선
다사59005200,959125,1952125,마장,5호선
다사59005225,959125,1952375,용두(동대문구청),2호선
다사59005275,959125,1952875,용두(동대문구청),2호선
다사59005300,959125,1953125,제기동,1호선
다사59005325,959125,1953375,제기동,1호선
다사59005350,959125,1953625,제기동,1호선
다사59005375,959125,1953875,제기동,1호선
다사59005400,959125,1954125,고려대(종암),6호선
다사59005525,959125,1955375,월곡(동덕여대),6호선
다사59254250,959375,1942625,양재(서초구청),3호선
다사59254275,959375,1942875,양재(서초구청),3호선
다사59254300,959375,1943125,매봉,3호선
다사59254325,959375,1943375,매봉,3호선
다사59254475,959375,1944875,역삼,2호선
다사59254500,959375,1945125,역삼,2호선
다사59254525,959375,1945375,선정릉,9호선(연장)
다사59254550,959375,1945625,선정릉,9호선(연장)
다사59254575,959375,1945875,선정릉,9호선(연장)
다사59254600,959375,1946125,강남구청,7호선
다사59254625,959375,1946375,강남구청,7호선
다사59254675,959375,1946875,강남구청,7호선
다사59254700,959375,1947125,압구정로데오,분당선
다사59254975,959375,1949875,응봉,경원선
다사59255025,959375,1950375,한양대,2호선
다사59255050,959375,1950625,한양대,2호선
다사59255075,959375,1950875,한양대,2호선
다사59255100,959375,1951125,왕십리(성동구청),경원선
다사59255125,959375,1951375,왕십리(성동구청),경원선
다사59255150,959375,1951625,왕십리(성동구청),경원선
다사59255175,959375,1951875,마장,5호선
다사59255200,959375,1952125,마장,5호선
다사59255225,959375,1952375,용두(동대문구청),2호선
다사59255275,959375,1952875,용두(동대문구청),2호선
다사59255300,959375,1953125,용두(동대문구청),2호선
다사59255325,959375,1953375,청량리(서울시립대입구),1호선
다사59255350,959375,1953625,청량리(서울시립대입구),1호선
다사59255375,959375,1953875,청량리(서울시립대입구),1호선
다사59255400,959375,1954125,고려대(종암),6호선
다사59255525,959375,1955375,월곡(동덕여대),6호선
다사59255625,959375,1956375,월곡(동덕여대),6호선
다사59256125,959375,1961375,쌍문,4호선
다사59256150,959375,1961625,쌍문,4호선
다사59504450,959625,1944625,역삼,2호선
다사59504500,959625,1945125,선릉,2호선
다사59504525,959625,1945375,선정릉,9호선(연장)
다사59504550,959625,1945625,선정릉,9호선(연장)
다사59504575,959625,1945875,선정릉,9호선(연장)
다사59504600,959625,1946125,선정릉,9호선(연장)
다사59504625,959625,1946375,강남구청,7호선
다사59504700,959625,1947125,압구정로데오,분당선
다사59504975,959625,1949875,뚝섬,2호선
다사59505000,959625,1950125,뚝섬,2호선
다사59505025,959625,1950375,한양대,2호선
다사59505075,959625,1950875,한양대,2호선
다사59505100,959625,1951125,한양대,2호선
다사59505125,959625,1951375,왕십리(성동구청),경원선
다사59505150,959625,1951625,마장,5호선
다사59505175,959625,1951875,마장,5호선
다사59505200,959625,1952125,마장,5호선
다사59505225,959625,1952375,신답,2호선
다사59505275,959625,1952875,용두(동대문구청),2호선
다사59505300,959625,1953125,청량리(서울시립대입구),1호선
다사59505325,959625,1953375,청량리(서울시립대입구),1호선
다사59505350,959625,1953625,청량리(서울시립대입구),1호선
다사59505400,959625,1954125,청량리(서울시립대입구),1호선
다사59505575,959625,1955875,월곡(동덕여대),6호선
다사59505600,959625,1956125,월곡(동덕여대),6호선
다사59505625,959625,1956375,월곡(동덕여대),6호선
다사59506100,959625,1961125,창동,4호선
다사59506125,959625,1961375,창동,4호선
다사59506375,959625,1963875,방학,경원선
다사59506500,959625,1965125,도봉산,7호선
다사59754375,959875,1943875,한티,분당선
다사59754425,959875,1944375,한티,분당선
다사59754450,959875,1944625,선릉,2호선
다사59754500,959875,1945125,선릉,2호선
다사59754525,959875,1945375,선릉,2호선
다사59754575,959875,1945875,선정릉,9호선(연장)
다사59754600,959875,1946125,선정릉,9호선(연장)
다사59754625,959875,1946375,강남구청,7호선
다사59754650,959875,1946625,강남구청,7호선
다사59754675,959875,1946875,강남구청,7호선
다사59754700,959875,1947125,압구정로데오,분당선
다사59754900,959875,1949125,서울숲,분당선
다사59754925,959875,1949375,서울숲,분당선
다사59754950,959875,1949625,서울숲,분당선
다사59754975,959875,1949875,뚝섬,2호선
다사59755025,959875,1950375,한양대,2호선
다사59755050,959875,1950625,한양대,2호선
다사59755075,959875,1950875,한양대,2호선
다사59755100,959875,1951125,한양대,2호선
다사59755150,959875,1951625,마장,5호선
다사59755175,959875,1951875,마장,5호선
다사59755200,959875,1952125,신답,2호선
다사59755250,959875,1952625,신답,2호선
다사59755275,959875,1952875,신답,2호선
다사59755300,959875,1953125,청량리(서울시립대입구),1호선
다사59755575,959875,1955875,월곡(동덕여대),6호선
다사59755600,959875,1956125,월곡(동덕여대),6호선
다사59755625,959875,1956375,상월곡(한국과학기술연구원),6호선
다사59755650,959875,1956625,상월곡(한국과학기술연구원),6호선
다사59756075,959875,1960875,녹천,경원선
다사59756100,959875,1961125,창동,4호선
다사59756375,959875,1963875,방학,경원선
다사59756475,959875,1964875,도봉,경원선
다사59756500,959875,1965125,도봉산,7호선
다사60004300,960125,1943125,매봉,3호선
다사60004325,960125,1943375,매봉,3호선
다사60004375,960125,1943875,한티,분당선
다사60004400,960125,1944125,한티,분당선
다사60004425,960125,1944375,한티,분당선
다사60004450,960125,1944625,선릉,2호선
다사60004475,960125,1944875,선릉,2호선
다사60004500,960125,1945125,선릉,2호선
다사60004600,960125,1946125,삼성중앙,9호선(연장)
다사60004625,960125,1946375,삼성중앙,9호선(연장)
다사60004650,960125,1946625,청담,7호선
다사60004675,960125,1946875,청담,7호선
다사60004725,960125,1947375,청담,7호선
다사60004900,960125,1949125,서울숲,분당선
다사60004925,960125,1949375,서울숲,분당선
다사60004950,960125,1949625,뚝섬,2호선
다사60004975,960125,1949875,뚝섬,2호선
다사60005000,960125,1950125,뚝섬,2호선
다사60005075,960125,1950875,한양대,2호선
다사60005100,960125,1951125,용답,2호선
다사60005150,960125,1951625,용답,2호선
다사60005225,960125,1952375,신답,2호선
다사60005250,960125,1952625,신답,2호선
다사60005275,960125,1952875,신답,2호선
다사60005300,960125,1953125,청량리(서울시립대입구),1호선
다사60005625,960125,1956375,상월곡(한국과학기술연구원),6호선
다사60005650,960125,1956625,상월곡(한국과학기술연구원),6호선
다사60005675,960125,1956875,상월곡(한국과학기술연구원),6호선
다사60005700,960125,1957125,상월곡(한국과학기술연구원),6호선
다사60006075,960125,1960875,녹천,경원선
다사60006100,960125,1961125,창동,4호선
다사60006125,960125,1961375,창동,4호선
다사60006375,960125,1963875,도봉,경원선
다사60006400,960125,1964125,도봉,경원선
다사60006425,960125,1964375,도봉,경원선
다사60006450,960125,1964625,도봉,경원선
다사60006475,960125,1964875,도봉,경원선
다사60006500,960125,1965125,도봉산,7호선
다사60254300,960375,1943125,매봉,3호선
다사60254325,960375,1943375,도곡,분당선
다사60254350,960375,1943625,도곡,분당선
다사60254375,960375,1943875,한티,분당선
다사60254400,960375,1944125,한티,분당선
다사60254425,960375,1944375,한티,분당선
다사60254450,960375,1944625,한티,분당선
다사60254475,960375,1944875,선릉,2호선
다사60254575,960375,1945875,삼성중앙,9호선(연장)
다사60254600,960375,1946125,삼성중앙,9호선(연장)
다사60254625,960375,1946375,삼성중앙,9호선(연장)
다사60254650,960375,1946625,청담,7호선
다사60254900,960375,1949125,성수,2호선
다사60254925,960375,1949375,성수,2호선
다사60254950,960375,1949625,성수,2호선
다사60254975,960375,1949875,뚝섬,2호선
다사60255000,960375,1950125,뚝섬,2호선
다사60255125,960375,1951375,용답,2호선
다사60255150,960375,1951625,용답,2호선
다사60255175,960375,1951875,답십리,5호선
다사60255200,960375,1952125,답십리,5호선
다사60255225,960375,1952375,답십리,5호선
다사60255250,960375,1952625,신답,2호선
다사60255625,960375,1956375,상월곡(한국과학기술연구원),6호선
다사60255650,960375,1956625,상월곡(한국과학기술연구원),6호선
다사60255675,960375,1956875,돌곶이,6호선
다사60255700,960375,1957125,돌곶이,6호선
다사60256075,960375,1960875,녹천,경원선
다사60256100,960375,1961125,녹천,경원선
다사60256125,960375,1961375,창동,4호선
다사60256400,960375,1964125,수락산,7호선
다사60256425,960375,1964375,수락산,7호선
다사60256475,960375,1964875,도봉,경원선
다사60256500,960375,1965125,도봉산,7호선
다사60504275,960625,1942875,구룡,분당선
다사60504325,960625,1943375,도곡,분당선
다사60504350,960625,1943625,도곡,분당선
다사60504375,960625,1943875,도곡,분당선
다사60504400,960625,1944125,한티,분당선
다사60504425,960625,1944375,한티,분당선
다사60504450,960625,1944625,한티,분당선
다사60504475,960625,1944875,선릉,2호선
다사60504525,960625,1945375,선릉,2호선
다사60504550,960625,1945625,삼성중앙,9호선(연장)
다사60504575,960625,1945875,삼성중앙,9호선(연장)
다사60504600,960625,1946125,삼성중앙,9호선(연장)
다사60504625,960625,1946375,삼성중앙,9호선(연장)
다사60504650,960625,1946625,청담,7호선
다사60504925,960625,1949375,성수,2호선
다사60504950,960625,1949625,성수,2호선
다사60504975,960625,1949875,성수,2호선
다사60505000,960625,1950125,성수,2호선
다사60505125,960625,1951375,용답,2호선
다사60505150,960625,1951625,용답,2호선
다사60505175,960625,1951875,답십리,5호선
다사60505200,960625,1952125,답십리,5호선
다사60505225,960625,1952375,답십리,5호선
다사60505250,960625,1952625,답십리,5호선
다사60505650,960625,1956625,돌곶이,6호선
다사60505675,960625,1956875,돌곶이,6호선
다사60506350,960625,1963625,수락산,7호선
다사60506425,960625,1964375,수락산,7호선
다사60506450,960625,1964625,수락산,7호선
다사60506475,960625,1964875,수락산,7호선
다사60506500,960625,1965125,도봉산,7호선
다사60754275,960875,1942875,구룡,분당선
다사60754350,960875,1943625,도곡,분당선
다사60754375,960875,1943875,도곡,분당선
다사60754400,960875,1944125,한티,분당선
다사60754425,960875,1944375,한티,분당선
다사60754525,960875,1945375,삼성(무역센터),2호선
다사60754550,960875,1945625,삼성(무역센터),2호선
다사60754575,960875,1945875,삼성중앙,9호선(연장)
다사60754650,960875,1946625,청담,7호선
다사60754675,960875,1946875,청담,7호선
다사60755125,960875,1951375,용답,2호선
다사60755150,960875,1951625,답십리,5호선
다사60755175,960875,1951875,답십리,5호선
다사60755475,960875,1954875,회기,중앙선
다사60755500,960875,1955125,회기,중앙선
다사60755650,960875,1956625,돌곶이,6호선
다사60755725,960875,1957375,돌곶이,6호선
다사60755875,960875,1958875,월계,경원선
다사60756025,960875,1960375,녹천,경원선
다사60756225,960875,1962375,마들,7호선
다사60756350,960875,1963625,마들,7호선
다사61004275,961125,1942875,구룡,분당선
다사61004350,961125,1943625,도곡,분당선
다사61004375,961125,1943875,대치,3호선
다사61004400,961125,1944125,대치,3호선
다사61004425,961125,1944375,대치,3호선
다사61004450,961125,1944625,대치,3호선
다사61004550,961125,1945625,삼성(무역센터),2호선
다사61004575,961125,1945875,봉은사,9호선(연장)
다사61004625,961125,1946375,봉은사,9호선(연장)
다사61004650,961125,1946625,봉은사,9호선(연장)
다사61004675,961125,1946875,청담,7호선
다사61005125,961125,1951375,장한평,5호선
다사61005150,961125,1951625,장한평,5호선
다사61005175,961125,1951875,장한평,5호선
다사61005450,961125,1954625,회기,중앙선
다사61005475,961125,1954875,회기,중앙선
다사61005500,961125,1955125,외대앞,경원선
다사61005550,961125,1955625,외대앞,경원선
다사61005575,961125,1955875,신이문,경원선
다사61005675,961125,1956875,돌곶이,6호선
다사61005700,961125,1957125,돌곶이,6호선
다사61005725,961125,1957375,석계,6호선
다사61005750,961125,1957625,석계,6호선
다사61005775,961125,1957875,광운대,경원선
다사61005875,961125,1958875,월계,경원선
다사61005950,961125,1959625,월계,경원선
다사61006000,961125,1960125,중계,7호선
다사61006025,961125,1960375,중계,7호선
다사61006075,961125,1960875,중계,7호선
다사61006100,961125,1961125,중계,7호선
다사61006225,961125,1962375,마들,7호선
다사61254275,961375,1942875,구룡,분당선
다사61254350,961375,1943625,개포동,분당선
다사61254375,961375,1943875,대치,3호선
다사61254400,961375,1944125,대치,3호선
다사61254425,961375,1944375,대치,3호선
다사61254450,961375,1944625,대치,3호선
다사61254550,961375,1945625,삼성(무역센터),2호선
다사61254575,961375,1945875,삼성(무역센터),2호선
다사61254600,961375,1946125,봉은사,9호선(연장)
다사61254625,961375,1946375,봉은사,9호선(연장)
다사61254900,961375,1949125,건대입구,7호선
다사61254925,961375,1949375,성수,2호선
다사61255450,961375,1954625,회기,중앙선
다사61255475,961375,1954875,외대앞,경원선
다사61255500,961375,1955125,외대앞,경원선
다사61255525,961375,1955375,외대앞,경원선
다사61255575,961375,1955875,신이문,경원선
다사61255625,961375,1956375,신이문,경원선
다사61255650,961375,1956625,돌곶이,6호선
다사61255675,961375,1956875,돌곶이,6호선
다사61255700,961375,1957125,석계,6호선
다사61255725,961375,1957375,석계,6호선
다사61255750,961375,1957625,석계,6호선
다사61255775,961375,1957875,광운대,경원선
다사61255875,961375,1958875,광운대,경원선
다사61255925,961375,1959375,월계,경원선
다사61255950,961375,1959625,월계,경원선
다사61255975,961375,1959875,하계,7호선
다사61256000,961375,1960125,중계,7호선
다사61256100,961375,1961125,중계,7호선
다사61256125,961375,1961375,노원,7호선
다사61256225,961375,1962375,노원,7호선
다사61504275,961625,1942875,개포동,분당선
다사61504300,961625,1943125,개포동,분당선
다사61504325,961625,1943375,개포동,분당선
다사61504350,961625,1943625,개포동,분당선
다사61504375,961625,1943875,대치,3호선
다사61504400,961625,1944125,대치,3호선
다사61504425,961625,1944375,대치,3호선
다사61504450,961625,1944625,학여울,3호선
다사61504475,961625,1944875,학여울,3호선
다사61504550,961625,1945625,삼성(무역센터),2호선
다사61504575,961625,1945875,삼성(무역센터),2호선
다사61504600,961625,1946125,봉은사,9호선(연장)
다사61504850,961625,1948625,뚝섬유원지,7호선
다사61504875,961625,1948875,건대입구,7호선
다사61505450,961625,1954625,외대앞,경원선
다사61505475,961625,1954875,외대앞,경원선
다사61505525,961625,1955375,외대앞,경원선
다사61505550,961625,1955625,신이문,경원선
다사61505575,961625,1955875,신이문,경원선
다사61505650,961625,1956625,신이문,경원선
다사61505675,961625,1956875,석계,6호선
다사61505750,961625,1957625,석계,6호선
다사61505825,961625,1958375,광운대,경원선
다사61505850,961625,1958625,광운대,경원선
다사61505925,961625,1959375,하계,7호선
다사61505950,961625,1959625,하계,7호선
다사61505975,961625,1959875,하계,7호선
다사61506000,961625,1960125,하계,7호선
다사61506025,961625,1960375,중계,7호선
다사61506225,961625,1962375,노원,7호선
다사61506250,961625,1962625,마들,7호선
다사61754300,961875,1943125,개포동,분당선
다사61754325,961875,1943375,개포동,분당선
다사61754375,961875,1943875,학여울,3호선
다사61754400,961875,1944125,학여울,3호선
다사61754425,961875,1944375,학여울,3호선
다사61754450,961875,1944625,학여울,3호선
다사61754825,961875,1948375,뚝섬유원지,7호선
다사61754850,961875,1948625,뚝섬유원지,7호선
다사61754875,961875,1948875,건대입구,7호선
다사61754925,961875,1949375,건대입구,7호선
다사61754950,961875,1949625,건대입구,7호선
다사61754975,961875,1949875,어린이대공원(세종대),7호선
다사61755475,961875,1954875,외대앞,경원선
다사61755500,961875,1955125,외대앞,경원선
다사61755550,961875,1955625,신이문,경원선
다사61755575,961875,1955875,신이문,경원선
다사61755650,961875,1956625,신이문,경원선
다사61755725,961875,1957375,석계,6호선
다사61755750,961875,1957625,석계,6호선
다사61755775,961875,1957875,석계,6호선
다사61755800,961875,1958125,광운대,경원선
다사61755825,961875,1958375,공릉(서울과학기술대),7호선
다사61755875,961875,1958875,공릉(서울과학기술대),7호선
다사61755900,961875,1959125,하계,7호선
다사61756000,961875,1960125,하계,7호선
다사61756025,961875,1960375,중계,7호선
다사61756125,961875,1961375,노원,7호선
다사61756175,961875,1961875,노원,7호선
다사61756200,961875,1962125,상계,4호선
다사62004275,962125,1942875,개포동,분당선
다사62004300,962125,1943125,대모산입구,분당선
다사62004325,962125,1943375,대모산입구,분당선
다사62004350,962125,1943625,대모산입구,분당선
다사62004400,962125,1944125,학여울,3호선
다사62004425,962125,1944375,학여울,3호선
다사62004525,962125,1945375,종합운동장,9호선(연장)
다사62004550,962125,1945625,종합운동장,9호선(연장)
다사62004575,962125,1945875,종합운동장,9호선(연장)
다사62004825,962125,1948375,뚝섬유원지,7호선
다사62004850,962125,1948625,건대입구,7호선
다사62004925,962125,1949375,건대입구,7호선
다사62004950,962125,1949625,어린이대공원(세종대),7호선
다사62004975,962125,1949875,어린이대공원(세종대),7호선
다사62005050,962125,1950625,어린이대공원(세종대),7호선
다사62005500,962125,1955125,중랑,중앙선
다사62005525,962125,1955375,중랑,중앙선
다사62005575,962125,1955875,신이문,경원선
다사62005600,962125,1956125,신이문,경원선
다사62005775,962125,1957875,태릉입구,7호선
다사62005800,962125,1958125,공릉(서울과학기술대),7호선
다사62005825,962125,1958375,공릉(서울과학기술대),7호선
다사62006000,962125,1960125,하계,7호선
다사62006025,962125,1960375,중계,7호선
다사62254300,962375,1943125,대모산입구,분당선
다사62254325,962375,1943375,대모산입구,분당선
다사62254350,962375,1943625,대모산입구,분당선
다사62254375,962375,1943875,대모산입구,분당선
다사62254925,962375,1949375,건대입구,7호선
다사62254950,962375,1949625,어린이대공원(세종대),7호선
다사62255025,962375,1950375,어린이대공원(세종대),7호선
다사62255050,962375,1950625,군자(능동),7호선
다사62255525,962375,1955375,중랑,중앙선
다사62255550,962375,1955625,중랑,중앙선
다사62255700,962375,1957125,먹골,7호선
다사62255750,962375,1957625,태릉입구,7호선
다사62255775,962375,1957875,태릉입구,7호선
다사62255800,962375,1958125,태릉입구,7호선
다사62255825,962375,1958375,공릉(서울과학기술대),7호선
다사62504300,962625,1943125,대모산입구,분당선
다사62504325,962625,1943375,대모산입구,분당선
다사62504350,962625,1943625,대청,3호선
다사62504375,962625,1943875,대청,3호선
다사62504400,962625,1944125,대청,3호선
다사62504450,962625,1944625,학여울,3호선
다사62504850,962625,1948625,건대입구,7호선
다사62504925,962625,1949375,건대입구,7호선
다사62504950,962625,1949625,어린이대공원(세종대),7호선
다사62505025,962625,1950375,어린이대공원(세종대),7호선
다사62505050,962625,1950625,군자(능동),7호선
다사62505150,962625,1951625,중곡,7호선
다사62505500,962625,1955125,중랑,중앙선
다사62505525,962625,1955375,중랑,중앙선
다사62505550,962625,1955625,중화,7호선
다사62505575,962625,1955875,중화,7호선
다사62505600,962625,1956125,중화,7호선
다사62505625,962625,1956375,중화,7호선
다사62505650,962625,1956625,먹골,7호선
다사62505700,962625,1957125,먹골,7호선
다사62505725,962625,1957375,태릉입구,7호선
다사62505750,962625,1957625,태릉입구,7호선
다사62505775,962625,1957875,태릉입구,7호선
다사62505800,962625,1958125,태릉입구,7호선
다사62505825,962625,1958375,공릉(서울과학기술대),7호선
다사62506275,962625,1962875,상계,4호선
다사62506300,962625,1963125,불암산,4호선
다사62754325,962875,1943375,대청,3호선
다사62754350,962875,1943625,대청,3호선
다사62754375,962875,1943875,대청,3호선
다사62754525,962875,1945375,종합운동장,9호선(연장)
다사62754550,962875,1945625,종합운동장,9호선(연장)
다사62754575,962875,1945875,종합운동장,9호선(연장)
다사62754600,962875,1946125,종합운동장,9호선(연장)
다사62754625,962875,1946375,종합운동장,9호선(연장)
다사62754900,962875,1949125,구의(광진구청),2호선
다사62755125,962875,1951375,군자(능동),7호선
다사62755150,962875,1951625,중곡,7호선
다사62755225,962875,1952375,중곡,7호선
다사62755450,962875,1954625,중랑,중앙선
다사62755475,962875,1954875,중랑,중앙선
다사62755500,962875,1955125,중랑,중앙선
다사62755525,962875,1955375,중랑,중앙선
다사62755550,962875,1955625,중화,7호선
다사62755575,962875,1955875,중화,7호선
다사62755600,962875,1956125,중화,7호선
다사62755625,962875,1956375,중화,7호선
다사62755650,962875,1956625,먹골,7호선
다사62755700,962875,1957125,먹골,7호선
다사62755725,962875,1957375,태릉입구,7호선
다사62755750,962875,1957625,태릉입구,7호선
다사62755775,962875,1957875,태릉입구,7호선
다사62755800,962875,1958125,화랑대(서울여대입구),6호선
다사62755825,962875,1958375,공릉(서울과학기술대),7호선
다사63004325,963125,1943375,대청,3호선
다사63004525,963125,1945375,삼전,9호선(연장)
다사63004550,963125,1945625,잠실새내,2호선
다사63004575,963125,1945875,잠실새내,2호선
다사63004600,963125,1946125,잠실새내,2호선
다사63004625,963125,1946375,잠실새내,2호선
다사63005050,963125,1950625,군자(능동),7호선
다사63005125,963125,1951375,군자(능동),7호선
다사63005150,963125,1951625,중곡,7호선
다사63005200,963125,1952125,중곡,7호선
다사63005225,963125,1952375,중곡,7호선
다사63005250,963125,1952625,용마산,7호선
다사63005300,963125,1953125,용마산,7호선
다사63005325,963125,1953375,사가정,7호선
다사63005375,963125,1953875,사가정,7호선
다사63005400,963125,1954125,면목,7호선
다사63005450,963125,1954625,면목,7호선
다사63005475,963125,1954875,상봉(시외버스터미널),중앙선
다사63005500,963125,1955125,상봉(시외버스터미널),중앙선
다사63005525,963125,1955375,상봉(시외버스터미널),중앙선
다사63005550,963125,1955625,상봉(시외버스터미널),중앙선
다사63005575,963125,1955875,중화,7호선
다사63005625,963125,1956375,중화,7호선
다사63005725,963125,1957375,화랑대(서울여대입구),6호선
다사63005750,963125,1957625,화랑대(서울여대입구),6호선
다사63005800,963125,1958125,화랑대(서울여대입구),6호선
다사63254325,963375,1943375,일원,3호선
다사63254500,963375,1945125,삼전,9호선(연장)
다사63254525,963375,1945375,삼전,9호선(연장)
다사63254550,963375,1945625,잠실새내,2호선
다사63254575,963375,1945875,잠실새내,2호선
다사63255025,963375,1950375,아차산(어린이대공원후문),5호선
다사63255050,963375,1950625,아차산(어린이대공원후문),5호선
다사63255075,963375,1950875,군자(능동),7호선
다사63255125,963375,1951375,중곡,7호선
다사63255200,963375,1952125,중곡,7호선
다사63255225,963375,1952375,용마산,7호선
다사63255250,963375,1952625,용마산,7호선
다사63255275,963375,1952875,용마산,7호선
다사63255300,963375,1953125,용마산,7호선
다사63255325,963375,1953375,사가정,7호선
다사63255375,963375,1953875,사가정,7호선
다사63255400,963375,1954125,면목,7호선
다사63255450,963375,1954625,면목,7호선
다사63255475,963375,1954875,상봉(시외버스터미널),중앙선
다사63255500,963375,1955125,상봉(시외버스터미널),중앙선
다사63255525,963375,1955375,상봉(시외버스터미널),중앙선
다사63255550,963375,1955625,상봉(시외버스터미널),중앙선
다사63255575,963375,1955875,중화,7호선
다사63255600,963375,1956125,중화,7호선
다사63255725,963375,1957375,화랑대(서울여대입구),6호선
다사63255750,963375,1957625,화랑대(서울여대입구),6호선
다사63255800,963375,1958125,화랑대(서울여대입구),6호선
다사63504475,963625,1944875,삼전,9호선(연장)
다사63504500,963625,1945125,삼전,9호선(연장)
다사63504525,963625,1945375,삼전,9호선(연장)
다사63504550,963625,1945625,잠실새내,2호선
다사63504575,963625,1945875,잠실새내,2호선
다사63504800,963625,1948125,구의(광진구청),2호선
다사63504825,963625,1948375,구의(광진구청),2호선
다사63504850,963625,1948625,구의(광진구청),2호선
다사63504875,963625,1948875,구의(광진구청),2호선
다사63505075,963625,1950875,아차산(어린이대공원후문),5호선
다사63505200,963625,1952125,중곡,7호선
다사63505225,963625,1952375,용마산,7호선
다사63505275,963625,1952875,용마산,7호선
다사63505300,963625,1953125,용마산,7호선
다사63505325,963625,1953375,사가정,7호선
다사63505375,963625,1953875,사가정,7호선
다사63505400,963625,1954125,면목,7호선
다사63505425,963625,1954375,면목,7호선
다사63505450,963625,1954625,면목,7호선
다사63505475,963625,1954875,면목,7호선
다사63505500,963625,1955125,상봉(시외버스터미널),중앙선
다사63505525,963625,1955375,상봉(시외버스터미널),중앙선
다사63505550,963625,1955625,망우,중앙선
다사63505575,963625,1955875,망우,중앙선
다사63505600,963625,1956125,망우,중앙선
다사63505725,963625,1957375,봉화산(서울의료원),6호선
다사63505750,963625,1957625,봉화산(서울의료원),6호선
다사63505800,963625,1958125,화랑대(서울여대입구),6호선
다사63754450,963875,1944625,석촌고분,9호선(연장)
다사63754475,963875,1944875,삼전,9호선(연장)
다사63754500,963875,1945125,삼전,9호선(연장)
다사63754525,963875,1945375,삼전,9호선(연장)
다사63754550,963875,1945625,잠실새내,2호선
다사63754575,963875,1945875,잠실새내,2호선
다사63754800,963875,1948125,강변(동서울터미널),2호선
다사63754825,963875,1948375,강변(동서울터미널),2호선
다사63754850,963875,1948625,강변(동서울터미널),2호선
다사63754875,963875,1948875,구의(광진구청),2호선
다사63754900,963875,1949125,구의(광진구청),2호선
다사63755300,963875,1953125,사가정,7호선
다사63755325,963875,1953375,사가정,7호선
다사63755375,963875,1953875,사가정,7호선
다사63755400,963875,1954125,면목,7호선
다사63755475,963875,1954875,면목,7호선
다사63755500,963875,1955125,망우,중앙선
다사63755525,963875,1955375,망우,중앙선
다사63755550,963875,1955625,망우,중앙선
다사63755575,963875,1955875,망우,중앙선
다사63755750,963875,1957625,봉화산(서울의료원),6호선
다사63755775,963875,1957875,봉화산(서울의료원),6호선
다사63755800,963875,1958125,봉화산(서울의료원),6호선
다사63755825,963875,1958375,화랑대(서울여대입구),6호선
다사64004450,964125,1944625,석촌고분,9호선(연장)
다사64004475,964125,1944875,석촌고분,9호선(연장)
다사64004500,964125,1945125,석촌고분,9호선(연장)
다사64004525,964125,1945375,석촌고분,9호선(연장)
다사64004550,964125,1945625,삼전,9호선(연장)
다사64004825,964125,1948375,강변(동서울터미널),2호선
다사64004850,964125,1948625,강변(동서울터미널),2호선
다사64004875,964125,1948875,강변(동서울터미널),2호선
다사64005375,964125,1953875,사가정,7호선
다사64005400,964125,1954125,면목,7호선
다사64005475,964125,1954875,면목,7호선
다사64005500,964125,1955125,망우,중앙선
다사64005525,964125,1955375,망우,중앙선
다사64005700,964125,1957125,봉화산(서울의료원),6호선
다사64254500,964375,1945125,석촌고분,9호선(연장)
다사64254650,964375,1946625,잠실나루,2호선
다사64254900,964375,1949125,강변(동서울터미널),2호선
다사64254975,964375,1949875,광나루(장신대),5호선
다사64255700,964375,1957125,신내,6호선
다사64255725,964375,1957375,봉화산(서울의료원),6호선
다사64504475,964625,1944875,석촌고분,9호선(연장)
다사64504500,964625,1945125,석촌고분,9호선(연장)
다사64504625,964625,1946375,잠실(송파구청),8호선
다사64504650,964625,1946625,잠실나루,2호선
다사64504675,964625,1946875,잠실나루,2호선
다사64504900,964625,1949125,광나루(장신대),5호선
다사64505650,964625,1956625,신내,6호선
다사64505725,964625,1957375,신내,6호선
다사64505750,964625,1957625,신내,6호선
다사64754450,964875,1944625,석촌고분,9호선(연장)
다사64754500,964875,1945125,석촌,8호선
다사64754525,964875,1945375,석촌,8호선
다사64754600,964875,1946125,잠실(송파구청),8호선
다사64754650,964875,1946625,잠실나루,2호선
다사64754675,964875,1946875,잠실나루,2호선
다사64754875,964875,1948875,광나루(장신대),5호선
다사64755625,964875,1956375,양원,중앙선
다사64755650,964875,1956625,신내,6호선
다사64755675,964875,1956875,신내,6호선
다사65004450,965125,1944625,송파,8호선
다사65004475,965125,1944875,석촌,8호선
다사65004500,965125,1945125,석촌,8호선
다사65004525,965125,1945375,석촌,8호선
다사65004550,965125,1945625,석촌,8호선
다사65004600,965125,1946125,잠실(송파구청),8호선
다사65004625,965125,1946375,잠실(송파구청),8호선
다사65004650,965125,1946625,잠실나루,2호선
다사65004675,965125,1946875,잠실나루,2호선
다사65005650,965125,1956625,양원,중앙선
다사65005675,965125,1956875,신내,6호선
다사65005700,965125,1957125,신내,6호선
다사65254450,965375,1944625,송파,8호선
다사65254475,965375,1944875,석촌,8호선
다사65254500,965375,1945125,석촌,8호선
다사65254525,965375,1945375,석촌,8호선
다사65254550,965375,1945625,송파나루,9호선(연장)
다사65254575,965375,1945875,송파나루,9호선(연장)
다사65254600,965375,1946125,잠실(송파구청),8호선
다사65254625,965375,1946375,잠실(송파구청),8호선
다사65254675,965375,1946875,잠실나루,2호선
다사65254700,965375,1947125,잠실나루,2호선
다사65255650,965375,1956625,양원,중앙선
다사65255675,965375,1956875,양원,중앙선
다사65504375,965625,1943875,가락시장,3호선
다사65504450,965625,1944625,송파,8호선
다사65504475,965625,1944875,송파,8호선
다사65504500,965625,1945125,석촌,8호선
다사65504525,965625,1945375,송파나루,9호선(연장)
다사65504550,965625,1945625,송파나루,9호선(연장)
다사65504575,965625,1945875,송파나루,9호선(연장)
다사65504600,965625,1946125,송파나루,9호선(연장)
다사65504625,965625,1946375,몽촌토성(평화의문),8호선
다사65504675,965625,1946875,몽촌토성(평화의문),8호선
다사65504700,965625,1947125,몽촌토성(평화의문),8호선
다사65505700,965625,1957125,신내,6호선
다사65754375,965875,1943875,가락시장,3호선
다사65754400,965875,1944125,송파,8호선
다사65754425,965875,1944375,송파,8호선
다사65754475,965875,1944875,송파,8호선
다사65754500,965875,1945125,송파,8호선
다사65754525,965875,1945375,송파나루,9호선(연장)
다사65754550,965875,1945625,송파나루,9호선(연장)
다사65754575,965875,1945875,송파나루,9호선(연장)
다사65754600,965875,1946125,한성백제,9호선(연장)
다사65754625,965875,1946375,몽촌토성(평화의문),8호선
다사65754675,965875,1946875,몽촌토성(평화의문),8호선
다사65754700,965875,1947125,몽촌토성(평화의문),8호선
다사66004300,966125,1943125,문정,8호선
다사66004325,966125,1943375,가락시장,3호선
다사66004350,966125,1943625,가락시장,3호선
다사66004375,966125,1943875,가락시장,3호선
다사66004400,966125,1944125,가락시장,3호선
다사66004425,966125,1944375,송파,8호선
다사66004500,966125,1945125,송파,8호선
다사66004550,966125,1945625,송파나루,9호선(연장)
다사66004575,966125,1945875,송파나루,9호선(연장)
다사66004600,966125,1946125,한성백제,9호선(연장)
다사66004825,966125,1948375,강동구청,8호선
다사66004850,966125,1948625,천호(풍납토성),5호선
다사66254225,966375,1942375,장지,8호선
다사66254300,966375,1943125,문정,8호선
다사66254325,966375,1943375,가락시장,3호선
다사66254375,966375,1943875,가락시장,3호선
다사66254400,966375,1944125,가락시장,3호선
다사66254425,966375,1944375,경찰병원,3호선
다사66254450,966375,1944625,경찰병원,3호선
다사66254475,966375,1944875,송파,8호선
다사66254525,966375,1945375,방이,5호선
다사66254550,966375,1945625,방이,5호선
다사66254575,966375,1945875,한성백제,9호선(연장)
다사66254600,966375,1946125,한성백제,9호선(연장)
다사66254825,966375,1948375,강동구청,8호선
다사66254850,966375,1948625,천호(풍납토성),5호선
다사66504150,966625,1941625,복정,8호선
다사66504175,966625,1941875,장지,8호선
다사66504225,966625,1942375,장지,8호선
다사66504250,966625,1942625,문정,8호선
다사66504275,966625,1942875,문정,8호선
다사66504300,966625,1943125,문정,8호선
다사66504325,966625,1943375,문정,8호선
다사66504350,966625,1943625,가락시장,3호선
다사66504375,966625,1943875,경찰병원,3호선
다사66504400,966625,1944125,경찰병원,3호선
다사66504425,966625,1944375,경찰병원,3호선
다사66504450,966625,1944625,경찰병원,3호선
다사66504525,966625,1945375,방이,5호선
다사66504575,966625,1945875,방이,5호선
다사66504600,966625,1946125,한성백제,9호선(연장)
다사66504800,966625,1948125,강동구청,8호선
다사66504825,966625,1948375,강동구청,8호선
다사66504850,966625,1948625,천호(풍납토성),5호선
다사66504950,966625,1949625,암사,8호선
다사66754150,966875,1941625,복정,8호선
다사66754175,966875,1941875,장지,8호선
다사66754200,966875,1942125,장지,8호선
다사66754225,966875,1942375,장지,8호선
다사66754250,966875,1942625,장지,8호선
다사66754275,966875,1942875,문정,8호선
다사66754325,966875,1943375,문정,8호선
다사66754350,966875,1943625,경찰병원,3호선
다사66754375,966875,1943875,경찰병원,3호선
다사66754400,966875,1944125,경찰병원,3호선
다사66754450,966875,1944625,오금,3호선
다사66754475,966875,1944875,오금,3호선
다사66754500,966875,1945125,오금,3호선
다사66754525,966875,1945375,방이,5호선
다사66754575,966875,1945875,방이,5호선
다사66754800,966875,1948125,강동구청,8호선
다사66754825,966875,1948375,천호(풍납토성),5호선
다사66754850,966875,1948625,천호(풍납토성),5호선
다사66754875,966875,1948875,천호(풍납토성),5호선
다사66754950,966875,1949625,암사,8호선
다사67004175,967125,1941875,장지,8호선
다사67004200,967125,1942125,장지,8호선
다사67004250,967125,1942625,장지,8호선
다사67004275,967125,1942875,문정,8호선
다사67004350,967125,1943625,경찰병원,3호선
다사67004375,967125,1943875,경찰병원,3호선
다사67004400,967125,1944125,경찰병원,3호선
다사67004450,967125,1944625,오금,3호선
다사67004475,967125,1944875,오금,3호선
다사67004500,967125,1945125,오금,3호선
다사67004525,967125,1945375,방이,5호선
다사67004550,967125,1945625,방이,5호선
다사67004575,967125,1945875,방이,5호선
다사67004750,967125,1947625,강동구청,8호선
다사67004775,967125,1947875,강동구청,8호선
다사67004800,967125,1948125,강동,5호선
다사67004825,967125,1948375,강동,5호선
다사67004850,967125,1948625,강동,5호선
다사67004875,967125,1948875,천호(풍납토성),5호선
다사67004900,967125,1949125,천호(풍납토성),5호선
다사67004925,967125,1949375,천호(풍납토성),5호선
다사67254275,967375,1942875,문정,8호선
다사67254400,967375,1944125,개롱,5호선
다사67254450,967375,1944625,오금,3호선
다사67254500,967375,1945125,오금,3호선
다사67254525,967375,1945375,방이,5호선
다사67254550,967375,1945625,방이,5호선
다사67254575,967375,1945875,방이,5호선
다사67254600,967375,1946125,올림픽공원(한국체대),9호선(연장)
다사67254775,967375,1947875,둔촌동,5호선
다사67254800,967375,1948125,강동,5호선
다사67254850,967375,1948625,강동,5호선
다사67254875,967375,1948875,강동,5호선
다사67254900,967375,1949125,강동,5호선
다사67255025,967375,1950375,암사,8호선
다사67255050,967375,1950625,암사,8호선
다사67255075,967375,1950875,암사역사공원,8호선
다사67504425,967625,1944375,개롱,5호선
다사67504475,967625,1944875,오금,3호선
다사67504525,967625,1945375,방이,5호선
다사67504575,967625,1945875,올림픽공원(한국체대),9호선(연장)
다사67504600,967625,1946125,올림픽공원(한국체대),9호선(연장)
다사67504625,967625,1946375,올림픽공원(한국체대),9호선(연장)
다사67504700,967625,1947125,둔촌오륜,9호선(연장)
다사67504725,967625,1947375,둔촌동,5호선
다사67504775,967625,1947875,둔촌동,5호선
다사67504800,967625,1948125,강동,5호선
다사67504825,967625,1948375,강동,5호선
다사67504850,967625,1948625,강동,5호선
다사67504875,967625,1948875,강동,5호선
다사67504900,967625,1949125,강동,5호선
다사67505025,967625,1950375,암사,8호선
다사67505050,967625,1950625,암사역사공원,8호선
다사67754350,967875,1943625,거여,5호선
다사67754375,967875,1943875,개롱,5호선
다사67754400,967875,1944125,개롱,5호선
다사67754450,967875,1944625,개롱,5호선
다사67754600,967875,1946125,올림픽공원(한국체대),9호선(연장)
다사67754625,967875,1946375,둔촌오륜,9호선(연장)
다사67754650,967875,1946625,둔촌오륜,9호선(연장)
다사67754675,967875,1946875,둔촌오륜,9호선(연장)
다사67754700,967875,1947125,둔촌오륜,9호선(연장)
다사67754725,967875,1947375,둔촌동,5호선
다사67754775,967875,1947875,둔촌동,5호선
다사67754800,967875,1948125,둔촌동,5호선
다사67754825,967875,1948375,강동,5호선
다사67754850,967875,1948625,강동,5호선
다사67754875,967875,1948875,길동,5호선
다사67754900,967875,1949125,길동,5호선
다사67754925,967875,1949375,굽은다리(강동구민회관앞),5호선
다사67754975,967875,1949875,굽은다리(강동구민회관앞),5호선
다사67755000,967875,1950125,명일,5호선
다사67755025,967875,1950375,암사역사공원,8호선
다사67755050,967875,1950625,암사역사공원,8호선
다사68004400,968125,1944125,개롱,5호선
다사68004425,968125,1944375,개롱,5호선
다사68004625,968125,1946375,둔촌오륜,9호선(연장)
다사68004700,968125,1947125,둔촌오륜,9호선(연장)
다사68004725,968125,1947375,둔촌동,5호선
다사68004800,968125,1948125,둔촌동,5호선
다사68004825,968125,1948375,길동,5호선
다사68004850,968125,1948625,길동,5호선
다사68004875,968125,1948875,길동,5호선
다사68004900,968125,1949125,길동,5호선
다사68004925,968125,1949375,굽은다리(강동구민회관앞),5호선
다사68004950,968125,1949625,굽은다리(강동구민회관앞),5호선
다사68004975,968125,1949875,굽은다리(강동구민회관앞),5호선
다사68005000,968125,1950125,명일,5호선
다사68005025,968125,1950375,명일,5호선
다사68005050,968125,1950625,암사역사공원,8호선
다사68005075,968125,1950875,암사역사공원,8호선
다사68254400,968375,1944125,거여,5호선
다사68254425,968375,1944375,거여,5호선
다사68254700,968375,1947125,둔촌오륜,9호선(연장)
다사68254725,968375,1947375,둔촌동,5호선
다사68254750,968375,1947625,둔촌동,5호선
다사68254775,968375,1947875,둔촌동,5호선
다사68254800,968375,1948125,중앙보훈병원,9호선(연장)
다사68254875,968375,1948875,길동,5호선
다사68254900,968375,1949125,길동,5호선
다사68254925,968375,1949375,굽은다리(강동구민회관앞),5호선
다사68254950,968375,1949625,굽은다리(강동구민회관앞),5호선
다사68254975,968375,1949875,굽은다리(강동구민회관앞),5호선
다사68255000,968375,1950125,명일,5호선
다사68255025,968375,1950375,명일,5호선
다사68255050,968375,1950625,명일,5호선
다사68255075,968375,1950875,암사역사공원,8호선
다사68504350,968625,1943625,거여,5호선
다사68504375,968625,1943875,거여,5호선
다사68504400,968625,1944125,거여,5호선
다사68504425,968625,1944375,거여,5호선
다사68504750,968625,1947625,중앙보훈병원,9호선(연장)
다사68504775,968625,1947875,중앙보훈병원,9호선(연장)
다사68504800,968625,1948125,중앙보훈병원,9호선(연장)
다사68504825,968625,1948375,길동,5호선
다사68504875,968625,1948875,길동,5호선
다사68504900,968625,1949125,굽은다리(강동구민회관앞),5호선
다사68504925,968625,1949375,굽은다리(강동구민회관앞),5호선
다사68504950,968625,1949625,굽은다리(강동구민회관앞),5호선
다사68504975,968625,1949875,굽은다리(강동구민회관앞),5호선
다사68505000,968625,1950125,명일,5호선
다사68505025,968625,1950375,명일,5호선
다사68505050,968625,1950625,명일,5호선
다사68505075,968625,1950875,명일,5호선
다사68754325,968875,1943375,거여,5호선
다사68754350,968875,1943625,거여,5호선
다사68754375,968875,1943875,거여,5호선
다사68754400,968875,1944125,마천,5호선
다사68754425,968875,1944375,마천,5호선
다사68754825,968875,1948375,중앙보훈병원,9호선(연장)
다사68754900,968875,1949125,굽은다리(강동구민회관앞),5호선
다사68754950,968875,1949625,굽은다리(강동구민회관앞),5호선
다사68754975,968875,1949875,굽은다리(강동구민회관앞),5호선
다사68755025,968875,1950375,명일,5호선
다사68755050,968875,1950625,명일,5호선
다사68755075,968875,1950875,고덕,5호선
다사69004325,969125,1943375,마천,5호선
다사69004350,969125,1943625,마천,5호선
다사69004375,969125,1943875,마천,5호선
다사69004400,969125,1944125,마천,5호선
다사69004975,969125,1949875,명일,5호선
다사69005000,969125,1950125,명일,5호선
다사70005075,970125,1950875,상일동,5호선
다사70505075,970625,1950875,상일동,5호선
다사70755025,970875,1950375,상일동,5호선
다사70755050,970875,1950625,상일동,5호선
다사70755075,970875,1950875,상일동,5호선
다사70755100,970875,1951125,상일동,5호선
다사70755125,970875,1951375,상일동,5호선
다사71005075,971125,1950875,강일,5호선
